0.000000
0.004583
0.009167
0.013750
0.018333
0.022917
0.027500
0.032083
0.036667
0.041250
0.045833
0.050417
0.055000
0.059583
0.064167
0.068750
0.073333
0.077917
0.082500
0.087083
0.091667
0.096250
0.100833
0.105417
0.110000
0.114583
0.119167
0.123750
0.128333
0.132917
0.137500
0.142083
0.146667
0.151250
0.155833
0.160417
0.165000
0.169583
0.174167
0.178750
0.183333
0.187917
0.192500
0.197083
0.201667
0.206250
0.210833
0.215417
0.220000
0.224583
0.229167
0.233750
0.238333
0.242917
0.247500
0.252083
0.256667
0.261250
0.265833
0.270417
0.275000
0.279583
0.284167
0.288750
0.293333
0.297917
0.302500
0.307083
0.311667
0.316250
0.320833
0.325417
0.330000
0.334583
0.339167
0.343750
0.348333
0.352917
0.357500
0.362083
0.366666
0.371250
0.375833
0.380416
0.385000
0.389583
0.394166
0.398750
0.403333
0.407916
0.412500
0.417083
0.421666
0.426250
0.430833
0.435416
0.440000
0.444583
0.449166
0.453750
0.458333
0.462916
0.467500
0.472083
0.476666
0.481250
0.485833
0.490416
0.495000
0.499583
-0.504166
-0.499583
-0.495000
-0.490416
-0.485833
-0.481250
-0.476666
-0.472083
-0.467500
-0.462916
-0.458333
-0.453750
-0.449166
-0.444583
-0.440000
-0.435416
-0.430833
-0.426250
-0.421666
-0.417083
-0.412500
-0.407916
-0.403333
-0.398750
-0.394166
-0.389583
-0.385000
-0.380416
-0.375833
-0.371250
-0.366666
-0.362083
-0.357500
-0.352917
-0.348333
-0.343750
-0.339167
-0.334583
-0.330000
-0.325417
-0.320833
-0.316250
-0.311667
-0.307083
-0.302500
-0.297917
-0.293333
-0.288750
-0.284167
-0.279583
-0.275000
-0.270417
-0.265833
-0.261250
-0.256667
-0.252083
-0.247500
-0.242917
-0.238333
-0.233750
-0.229167
-0.224583
-0.220000
-0.215417
-0.210833
-0.206250
-0.201667
-0.197083
-0.192500
-0.187917
-0.183333
-0.178750
-0.174167
-0.169583
-0.165000
-0.160417
-0.155833
-0.151250
-0.146667
-0.142083
-0.137500
-0.132917
-0.128333
-0.123750
-0.119167
-0.114583
-0.110000
-0.105417
-0.100833
-0.096250
-0.091667
-0.087083
-0.082500
-0.077917
-0.073333
-0.068750
-0.064167
-0.059583
-0.055000
-0.050417
-0.045833
-0.041250
-0.036667
-0.032083
-0.027500
-0.022917
-0.018333
-0.013750
-0.009167
-0.004583
-0.000000
0.004583
0.009167
0.013750
0.018333
0.022917
0.027500
0.032083
0.036667
0.041250
0.045833
0.050417
0.055000
0.059583
0.064167
0.068750
0.073333
0.077917
0.082500
0.087083
0.091667
0.096250
0.100833
0.105417
0.110000
0.114583
0.119167
0.123750
0.128333
0.132917
0.137500
0.142083
0.146667
0.151250
0.155833
0.160417
0.165000
0.169583
0.174167
0.178750
0.183333
0.187917
0.192500
0.197083
0.201667
0.206250
0.210833
0.215417
0.220000
0.224583
0.229167
0.233750
0.238333
0.242917
0.247500
0.252083
0.256667
0.261250
0.265833
0.270417
0.275000
0.279583
0.284167
0.288750
0.293333
0.297917
0.302500
0.307083
0.311667
0.316250
0.320833
0.325417
0.330000
0.334583
0.339166
0.343750
0.348333
0.352916
0.357500
0.362083
0.366666
0.371250
0.375833
0.380416
0.385000
0.389583
0.394166
0.398750
0.403333
0.407916
0.412500
0.417083
0.421666
0.426250
0.430833
0.435416
0.440000
0.444583
0.449166
0.453750
0.458333
0.462916
0.467500
0.472083
0.476666
0.481250
0.485833
0.490416
0.495000
0.499583
-0.504166
-0.499583
-0.495000
-0.490416
-0.485833
-0.481250
-0.476666
-0.472083
-0.467500
-0.462916
-0.458333
-0.453750
-0.449166
-0.444583
-0.440000
-0.435416
-0.430833
-0.426250
-0.421666
-0.417083
-0.412500
-0.407916
-0.403333
-0.398750
-0.394166
-0.389583
-0.385000
-0.380416
-0.375833
-0.371250
-0.366666
-0.362083
-0.357500
-0.352917
-0.348333
-0.343750
-0.339167
-0.334583
-0.330000
-0.325417
-0.320833
-0.316250
-0.311667
-0.307083
-0.302500
-0.297917
-0.293333
-0.288750
-0.284167
-0.279583
-0.275000
-0.270417
-0.265833
-0.261250
-0.256667
-0.252083
-0.247500
-0.242917
-0.238333
-0.233750
-0.229167
-0.224583
-0.220000
-0.215417
-0.210833
-0.206250
-0.201667
-0.197083
-0.192500
-0.187917
-0.183333
-0.178750
-0.174167
-0.169583
-0.165000
-0.160417
-0.155833
-0.151250
-0.146667
-0.142083
-0.137500
-0.132917
-0.128333
-0.123750
-0.119167
-0.114583
-0.110000
-0.105417
-0.100833
-0.096250
-0.091667
-0.087083
-0.082500
-0.077917
-0.073333
-0.068750
-0.064167
-0.059583
-0.055000
-0.050417
-0.045833
-0.041250
-0.036667
-0.032083
-0.027500
-0.022917
-0.018333
-0.013750
-0.009167
-0.004583
-0.000000
0.004583
0.009167
0.013750
0.018333
0.022917
0.027500
0.032083
0.036667
0.041250
0.045833
0.050417
0.055000
0.059583
0.064167
0.068750
0.073333
0.077917
0.082500
0.087083
0.091667
0.096250
0.100833
0.105417
0.110000
0.114583
0.119167
0.123750
0.128333
0.132917
0.137500
0.142083
0.146667
0.151250
0.155833
0.160417
0.165000
0.169583
0.174167
0.178750
0.183333
0.187917
0.192500
0.197083
0.201667
0.206250
0.210833
0.215417
0.220000
0.224583
0.229167
0.233750
0.238333
0.242917
0.247500
0.252083
0.256667
0.261250
0.265833
0.270417
0.275000
0.279583
0.284167
0.288750
0.293333
0.297917
0.302500
0.307083
0.311667
0.316250
0.320833
0.325417
0.330000
0.334583
0.339166
0.343750
0.348333
0.352916
0.357500
0.362083
0.366666
0.371250
0.375833
0.380416
0.385000
0.389583
0.394166
0.398750
0.403333
0.407916
0.412500
0.417083
0.421666
0.426250
0.430833
0.435416
0.440000
0.444583
0.449166
0.453750
0.458333
0.462916
0.467500
0.472083
0.476666
0.481250
0.485833
0.490416
0.495000
0.499583
-0.504166
-0.499583
-0.495000
-0.490416
-0.485833
-0.481250
-0.476666
-0.472083
-0.467500
-0.462916
-0.458333
-0.453750
-0.449166
-0.444583
-0.440000
-0.435416
-0.430833
-0.426250
-0.421666
-0.417083
-0.412500
-0.407916
-0.403333
-0.398750
-0.394166
-0.389583
-0.385000
-0.380416
-0.375833
-0.371250
-0.366666
-0.362083
-0.357500
-0.352917
-0.348333
-0.343750
-0.339167
-0.334583
-0.330000
-0.325417
-0.320833
-0.316250
-0.311667
-0.307083
-0.302500
-0.297917
-0.293333
-0.288750
-0.284167
-0.279583
-0.275000
-0.270417
-0.265833
-0.261250
-0.256667
-0.252083
-0.247500
-0.242917
-0.238333
-0.233750
-0.229167
-0.224583
-0.220000
-0.215417
-0.210833
-0.206250
-0.201667
-0.197083
-0.192500
-0.187917
-0.183333
-0.178750
-0.174167
-0.169583
-0.165000
-0.160417
-0.155833
-0.151250
-0.146667
-0.142083
-0.137500
-0.132917
-0.128333
-0.123750
-0.119167
-0.114583
-0.110000
-0.105417
-0.100833
-0.096250
-0.091667
-0.087083
-0.082500
-0.077917
-0.073333
-0.068750
-0.064167
-0.059583
-0.055000
-0.050417
-0.045833
-0.041250
-0.036667
-0.032083
-0.027500
-0.022917
-0.018333
-0.013750
-0.009167
-0.004583
-0.000000
0.004583
0.009167
0.013750
0.018333
0.022917
0.027500
0.032083
0.036667
0.041250
0.045833
0.050417
0.055000
0.059583
0.064167
0.068750
0.073333
0.077917
0.082500
0.087083
0.091667
0.096250
0.100833
0.105417
0.110000
0.114583
0.119167
0.123750
0.128333
0.132917
0.137500
0.142083
0.146667
0.151250
0.155833
0.160417
0.165000
0.169583
0.174167
0.178750
0.183333
0.187917
0.192500
0.197083
0.201667
0.206250
0.210833
0.215417
0.220000
0.224583
0.229167
0.233750
0.238333
0.242917
0.247500
0.252083
0.256667
0.261250
0.265833
0.270417
0.275000
0.279583
0.284167
0.288750
0.293333
0.297917
0.302500
0.307083
0.311667
0.316250
0.320833
0.325417
0.330000
0.334583
0.339166
0.343750
0.348333
0.352916
0.357500
0.362083
0.366666
0.371250
0.375833
0.380416
0.385000
0.389583
0.394166
0.398750
0.403333
0.407916
0.412500
0.417083
0.421666
0.426250
0.430833
0.435416
0.440000
0.444583
0.449166
0.453750
0.458333
0.462916
0.467500
0.472083
0.476666
0.481250
0.485833
0.490416
0.495000
0.499583
-0.504166
-0.499583
-0.495000
-0.490416
-0.485833
-0.481250
-0.476666
-0.472083
-0.467500
-0.462916
-0.458333
-0.453750
-0.449166
-0.444583
-0.440000
-0.435416
-0.430833
-0.426250
-0.421666
-0.417083
-0.412500
-0.407916
-0.403333
-0.398750
-0.394166
-0.389583
-0.385000
-0.380416
-0.375833
-0.371250
-0.366666
-0.362083
-0.357500
-0.352917
-0.348333
-0.343750
-0.339167
-0.334583
-0.330000
-0.325417
-0.320833
-0.316250
-0.311667
-0.307083
-0.302500
-0.297917
-0.293333
-0.288750
-0.284167
-0.279583
-0.275000
-0.270417
-0.265833
-0.261250
-0.256667
-0.252083
-0.247500
-0.242917
-0.238333
-0.233750
-0.229167
-0.224583
-0.220000
-0.215417
-0.210833
-0.206250
-0.201667
-0.197083
-0.192500
-0.187917
-0.183333
-0.178750
-0.174167
-0.169583
-0.165000
-0.160417
-0.155833
-0.151250
-0.146667
-0.142083
-0.137500
-0.132917
-0.128333
-0.123750
-0.119167
-0.114583
-0.110000
-0.105417
-0.100833
-0.096250
-0.091667
-0.087083
-0.082500
-0.077917
-0.073333
-0.068750
-0.064167
-0.059583
-0.055000
-0.050417
-0.045833
-0.041250
-0.036667
-0.032083
-0.027500
-0.022917
-0.018333
-0.013750
-0.009167
-0.004583
-0.000000
0.004583
0.009167
0.013750
0.018333
0.022917
0.027500
0.032083
0.036667
0.041250
0.045833
0.050417
0.055000
0.059583
0.064167
0.068750
0.073333
0.077917
0.082500
0.087083
0.091667
0.096250
0.100833
0.105417
0.110000
0.114583
0.119167
0.123750
0.128333
0.132917
0.137500
0.142083
0.146667
0.151250
0.155833
0.160417
0.165000
0.169583
0.174167
0.178750
0.183333
0.187917
0.192500
0.197083
0.201667
0.206250
0.210833
0.215417
0.220000
0.224583
0.229167
0.233750
0.238333
0.242917
0.247500
0.252083
0.256667
0.261250
0.265833
0.270417
0.275000
0.279583
0.284167
0.288750
0.293333
0.297917
0.302500
0.307083
0.311667
0.316250
0.320833
0.325417
0.330000
0.334583
0.339166
0.343750
0.348333
0.352916
0.357500
0.362083
0.366666
0.371250
0.375833
0.380416
0.385000
0.389583
0.394166
0.398750
0.403333
0.407916
0.412500
0.417083
0.421666
0.426250
0.430833
0.435416
0.440000
0.444583
0.449166
0.453750
0.458333
0.462916
0.467500
0.472083
0.476666
0.481250
0.485833
0.490416
0.495000
0.499583
-0.504166
-0.499583
-0.495000
-0.490416
-0.485833
-0.481250
-0.476666
-0.472083
-0.467500
-0.462916
-0.458333
-0.453750
-0.449166
-0.444583
-0.440000
-0.435416
-0.430833
-0.426250
-0.421666
-0.417083
-0.412500
-0.407916
-0.403333
-0.398750
-0.394166
-0.389583
-0.385000
-0.380416
-0.375833
-0.371250
-0.366666
-0.362083
-0.357500
-0.352917
-0.348333
-0.343750
-0.339167
-0.334583
-0.330000
-0.325417
-0.320833
-0.316250
-0.311667
-0.307083
-0.302500
-0.297917
-0.293333
-0.288750
-0.284167
-0.279583
-0.275000
-0.270417
-0.265833
-0.261250
-0.256667
-0.252083
-0.247500
-0.242917
-0.238333
-0.233750
-0.229167
-0.224583
-0.220000
-0.215417
-0.210833
-0.206250
-0.201667
-0.197083
-0.192500
-0.187917
-0.183333
-0.178750
-0.174167
-0.169583
-0.165000
-0.160417
-0.155833
-0.151250
-0.146667
-0.142083
-0.137500
-0.132917
-0.128333
-0.123750
-0.119167
-0.114583
-0.110000
-0.105417
-0.100833
-0.096250
-0.091667
-0.087083
-0.082500
-0.077917
-0.073333
-0.068750
-0.064167
-0.059583
-0.055000
-0.050417
-0.045833
-0.041250
-0.036667
-0.032083
-0.027500
-0.022917
-0.018333
-0.013750
-0.009167
-0.004583
-0.000000
0.004583
0.009167
0.013750
0.018333
0.022917
0.027500
0.032083
0.036667
0.041250
0.045833
0.050417
0.055000
0.059583
0.064167
0.068750
0.073333
0.077917
0.082500
0.087083
0.091667
0.096250
0.100833
0.105417
0.110000
0.114583
0.119167
0.123750
0.128333
0.132917
0.137500
0.142083
0.146667
0.151250
0.155833
0.160417
0.165000
0.169583
0.174167
0.178750
0.183333
0.187917
0.192500
0.197083
0.201667
0.206250
0.210833
0.215417
0.220000
0.224583
0.229167
0.233750
0.238333
0.242917
0.247500
0.252083
0.256667
0.261250
0.265833
0.270417
0.275000
0.279583
0.284167
0.288750
0.293333
0.297917
0.302500
0.307083
0.311667
0.316250
0.320833
0.325417
0.330000
0.334583
0.339166
0.343750
0.348333
0.352916
0.357500
0.362083
0.366666
0.371250
0.375833
0.380416
0.385000
0.389583
0.394166
0.398750
0.403333
0.407916
0.412500
0.417083
0.421666
0.426250
0.430833
0.435416
0.440000
0.444583
0.449166
0.453750
0.458333
0.462916
0.467500
0.472083
0.476666
0.481250
0.485833
0.490416
0.495000
0.499583
-0.504166
-0.499583
-0.495000
-0.490416
-0.485833
-0.481250
-0.476666
-0.472083
-0.467500
-0.462916
-0.458333
-0.453750
-0.449166
-0.444583
-0.440000
-0.435416
-0.430833
-0.426250
-0.421666
-0.417083
-0.412500
-0.407916
-0.403333
-0.398750
-0.394166
-0.389583
-0.385000
-0.380416
-0.375833
-0.371250
-0.366666
-0.362083
-0.357500
-0.352917
-0.348333
-0.343750
-0.339167
-0.334583
-0.330000
-0.325417
-0.320833
-0.316250
-0.311667
-0.307083
-0.302500
-0.297917
-0.293333
-0.288750
-0.284167
-0.279583
-0.275000
-0.270417
-0.265833
-0.261250
-0.256667
-0.252083
-0.247500
-0.242917
-0.238333
-0.233750
-0.229167
-0.224583
-0.220000
-0.215417
-0.210833
-0.206250
-0.201667
-0.197083
-0.192500
-0.187917
-0.183333
-0.178750
-0.174167
-0.169583
-0.165000
-0.160417
-0.155833
-0.151250
-0.146667
-0.142083
-0.137500
-0.132917
-0.128333
-0.123750
-0.119167
-0.114583
-0.110000
-0.105417
-0.100833
-0.096250
-0.091667
-0.087083
-0.082500
-0.077917
-0.073333
-0.068750
-0.064167
-0.059583
-0.055000
-0.050417
-0.045833
-0.041250
-0.036667
-0.032083
-0.027500
-0.022917
-0.018333
-0.013750
-0.009167
-0.004583
-0.000000
0.004583
0.009167
0.013750
0.018333
0.022917
0.027500
0.032083
0.036667
0.041250
0.045833
0.050417
0.055000
0.059583
0.064167
0.068750
0.073333
0.077917
0.082500
0.087083
0.091667
0.096250
0.100833
0.105417
0.110000
0.114583
0.119167
0.123750
0.128333
0.132917
0.137500
0.142083
0.146667
0.151250
0.155833
0.160417
0.165000
0.169583
0.174167
0.178750
0.183333
0.187917
0.192500
0.197083
0.201667
0.206250
0.210833
0.215417
0.220000
0.224583
0.229167
0.233750
0.238333
0.242917
0.247500
0.252083
0.256667
0.261250
0.265833
0.270417
0.275000
0.279583
0.284167
0.288750
0.293333
0.297917
0.302500
0.307083
0.311667
0.316250
0.320833
0.325417
0.330000
0.334583
0.339166
0.343750
0.348333
0.352916
0.357500
0.362083
0.366666
0.371250
0.375833
0.380416
0.385000
0.389583
0.394166
0.398750
0.403333
0.407916
0.412500
0.417083
0.421666
0.426250
0.430833
0.435416
0.440000
0.444583
0.449166
0.453750
0.458333
0.462916
0.467500
0.472083
0.476666
0.481250
0.485833
0.490416
0.495000
0.499583
-0.504166
-0.499583
-0.495000
-0.490416
-0.485833
-0.481250
-0.476666
-0.472083
-0.467500
-0.462916
-0.458333
-0.453750
-0.449166
-0.444583
-0.440000
-0.435416
-0.430833
-0.426250
-0.421666
-0.417083
-0.412500
-0.407916
-0.403333
-0.398750
-0.394166
-0.389583
-0.385000
-0.380416
-0.375833
-0.371250
-0.366666
-0.362083
-0.357500
-0.352917
-0.348333
-0.343750
-0.339167
-0.334583
-0.330000
-0.325417
-0.320833
-0.316250
-0.311667
-0.307083
-0.302500
-0.297917
-0.293333
-0.288750
-0.284167
-0.279583
-0.275000
-0.270417
-0.265833
-0.261250
-0.256667
-0.252083
-0.247500
-0.242917
-0.238333
-0.233750
-0.229167
-0.224583
-0.220000
-0.215417
-0.210833
-0.206250
-0.201667
-0.197083
-0.192500
-0.187917
-0.183333
-0.178750
-0.174167
-0.169583
-0.165000
-0.160417
-0.155833
-0.151250
-0.146667
-0.142083
-0.137500
-0.132917
-0.128333
-0.123750
-0.119167
-0.114583
-0.110000
-0.105417
-0.100833
-0.096250
-0.091667
-0.087083
-0.082500
-0.077917
-0.073333
-0.068750
-0.064167
-0.059583
-0.055000
-0.050417
-0.045833
-0.041250
-0.036667
-0.032083
-0.027500
-0.022917
-0.018333
-0.013750
-0.009167
-0.004583
-0.000000
0.004583
0.009167
0.013750
0.018333
0.022917
0.027500
0.032083
0.036667
0.041250
0.045833
0.050417
0.055000
0.059583
0.064167
0.068750
0.073333
0.077917
0.082500
0.087083
0.091667
0.096250
0.100833
0.105417
0.110000
0.114583
0.119167
0.123750
0.128333
0.132917
0.137500
0.142083
0.146667
0.151250
0.155833
0.160417
0.165000
0.169583
0.174167
0.178750
0.183333
0.187917
0.192500
0.197083
0.201667
0.206250
0.210833
0.215417
0.220000
0.224583
0.229167
0.233750
0.238333
0.242917
0.247500
0.252083
0.256667
0.261250
0.265833
0.270417
0.275000
0.279583
0.284167
0.288750
0.293333
0.297917
0.302500
0.307083
0.311667
0.316250
0.320833
0.325417
0.330000
0.334583
0.339166
0.343750
0.348333
0.352916
0.357500
0.362083
0.366666
0.371250
0.375833
0.380416
0.385000
0.389583
0.394166
0.398750
0.403333
0.407916
0.412500
0.417083
0.421666
0.426250
0.430833
0.435416
0.440000
0.444583
0.449166
0.453750
0.458333
0.462916
0.467500
0.472083
0.476666
0.481250
0.485833
0.490416
0.495000
0.499583
-0.504166
-0.499583
-0.495000
-0.490416
-0.485833
-0.481250
-0.476666
-0.472083
-0.467500
-0.462916
-0.458333
-0.453750
-0.449166
-0.444583
-0.440000
-0.435416
-0.430833
-0.426250
-0.421666
-0.417083
-0.412500
-0.407916
-0.403333
-0.398750
-0.394166
-0.389583
-0.385000
-0.380416
-0.375833
-0.371250
-0.366666
-0.362083
-0.357500
-0.352917
-0.348333
-0.343750
-0.339167
-0.334583
-0.330000
-0.325417
-0.320833
-0.316250
-0.311667
-0.307083
-0.302500
-0.297917
-0.293333
-0.288750
-0.284167
-0.279583
-0.275000
-0.270417
-0.265833
-0.261250
-0.256667
-0.252083
-0.247500
-0.242917
-0.238333
-0.233750
-0.229167
-0.224583
-0.220000
-0.215417
-0.210833
-0.206250
-0.201667
-0.197083
-0.192500
-0.187917
-0.183333
-0.178750
-0.174167
-0.169583
-0.165000
-0.160417
-0.155833
-0.151250
-0.146667
-0.142083
-0.137500
-0.132917
-0.128333
-0.123750
-0.119167
-0.114583
-0.110000
-0.105417
-0.100833
-0.096250
-0.091667
-0.087083
-0.082500
-0.077917
-0.073333
-0.068750
-0.064167
-0.059583
-0.055000
-0.050417
-0.045833
-0.041250
-0.036667
-0.032083
-0.027500
-0.022917
-0.018333
-0.013750
-0.009167
-0.004583
-0.000000
0.004583
0.009167
0.013750
0.018333
0.022917
0.027500
0.032083
0.036667
0.041250
0.045833
0.050417
0.055000
0.059583
0.064167
0.068750
0.073333
0.077917
0.082500
0.087083
0.091667
0.096250
0.100833
0.105417
0.110000
0.114583
0.119167
0.123750
0.128333
0.132917
0.137500
0.142083
0.146667
0.151250
0.155833
0.160417
0.165000
0.169583
0.174167
0.178750
0.183333
0.187917
0.192500
0.197083
0.201667
0.206250
0.210833
0.215417
0.220000
0.224583
0.229167
0.233750
0.238333
0.242917
0.247500
0.252083
0.256667
0.261250
0.265833
0.270417
0.275000
0.279583
0.284167
0.288750
0.293333
0.297917
0.302500
0.307083
0.311667
0.316250
0.320833
0.325417
0.330000
0.334583
0.339166
0.343750
0.348333
0.352916
0.357500
0.362083
0.366666
0.371250
0.375833
0.380416
0.385000
0.389583
0.394166
0.398750
0.403333
0.407916
0.412500
0.417083
0.421666
0.426250
0.430833
0.435416
0.440000
0.444583
0.449166
0.453750
0.458333
0.462916
0.467500
0.472083
0.476666
0.481250
0.485833
0.490416
0.495000
0.499583
-0.504166
-0.499583
-0.495000
-0.490416
-0.485833
-0.481250
-0.476666
-0.472083
-0.467500
-0.462916
-0.458333
-0.453750
-0.449166
-0.444583
-0.440000
-0.435416
-0.430833
-0.426250
-0.421666
-0.417083
-0.412500
-0.407916
-0.403333
-0.398750
-0.394166
-0.389583
-0.385000
-0.380416
-0.375833
-0.371250
-0.366666
-0.362083
-0.357500
-0.352917
-0.348333
-0.343750
-0.339167
-0.334583
-0.330000
-0.325417
-0.320833
-0.316250
-0.311667
-0.307083
-0.302500
-0.297917
-0.293333
-0.288750
-0.284167
-0.279583
-0.275000
-0.270417
-0.265833
-0.261250
-0.256667
-0.252083
-0.247500
-0.242917
-0.238333
-0.233750
-0.229167
-0.224583
-0.220000
-0.215417
-0.210833
-0.206250
-0.201667
-0.197083
-0.192500
-0.187917
-0.183333
-0.178750
-0.174167
-0.169583
-0.165000
-0.160417
-0.155833
-0.151250
-0.146667
-0.142083
-0.137500
-0.132917
-0.128333
-0.123750
-0.119167
-0.114583
-0.110000
-0.105417
-0.100833
-0.096250
-0.091667
-0.087083
-0.082500
-0.077917
-0.073333
-0.068750
-0.064167
-0.059583
-0.055000
-0.050417
-0.045833
-0.041250
-0.036667
-0.032083
-0.027500
-0.022917
-0.018333
-0.013750
-0.009167
-0.004583
-0.000000
0.004583
0.009167
0.013750
0.018333
0.022917
0.027500
0.032083
0.036667
0.041250
0.045833
0.050417
0.055000
0.059583
0.064167
0.068750
0.073333
0.077917
0.082500
0.087083
0.091667
0.096250
0.100833
0.105417
0.110000
0.114583
0.119167
0.123750
0.128333
0.132917
0.137500
0.142083
0.146667
0.151250
0.155833
0.160417
0.165000
0.169583
0.174167
0.178750
0.183333
0.187917
0.192500
0.197083
0.201667
0.206250
0.210833
0.215417
0.220000
0.224583
0.229167
0.233750
0.238333
0.242917
0.247500
0.252083
0.256667
0.261250
0.265833
0.270417
0.275000
0.279583
0.284167
0.288750
0.293333
0.297917
0.302500
0.307083
0.311667
0.316250
0.320833
0.325417
0.330000
0.334583
0.339166
0.343750
0.348333
0.352916
0.357500
0.362083
0.366666
0.371250
0.375833
0.380416
0.385000
0.389583
0.394166
0.398750
0.403333
0.407916
0.412500
0.417083
0.421666
0.426250
0.430833
0.435416
0.440000
0.444583
0.449166
0.453750
0.458333
0.462916
0.467500
0.472083
0.476666
0.481250
0.485833
0.490416
0.495000
0.499583
-0.504166
-0.499583
-0.495000
-0.490416
-0.485833
-0.481250
-0.476666
-0.472083
-0.467500
-0.462916
-0.458333
-0.453750
-0.449166
-0.444583
-0.440000
-0.435416
-0.430833
-0.426250
-0.421666
-0.417083
-0.412500
-0.407916
-0.403333
-0.398750
-0.394166
-0.389583
-0.385000
-0.380416
-0.375833
-0.371250
-0.366666
-0.362083
-0.357500
-0.352917
-0.348333
-0.343750
-0.339167
-0.334583
-0.330000
-0.325417
-0.320833
-0.316250
-0.311667
-0.307083
-0.302500
-0.297917
-0.293333
-0.288750
-0.284167
-0.279583
-0.275000
-0.270417
-0.265833
-0.261250
-0.256667
-0.252083
-0.247500
-0.242917
-0.238333
-0.233750
-0.229167
-0.224583
-0.220000
-0.215417
-0.210833
-0.206250
-0.201667
-0.197083
-0.192500
-0.187917
-0.183333
-0.178750
-0.174167
-0.169583
-0.165000
-0.160417
-0.155833
-0.151250
-0.146667
-0.142083
-0.137500
-0.132917
-0.128333
-0.123750
-0.119167
-0.114583
-0.110000
-0.105417
-0.100833
-0.096250
-0.091667
-0.087083
-0.082500
-0.077917
-0.073333
-0.068750
-0.064167
-0.059583
-0.055000
-0.050417
-0.045833
-0.041250
-0.036667
-0.032083
-0.027500
-0.022917
-0.018333
-0.013750
-0.009167
-0.004583
-0.000000
0.004583
0.009167
0.013750
0.018333
0.022917
0.027500
0.032083
0.036667
0.041250
0.045833
0.050417
0.055000
0.059583
0.064167
0.068750
0.073333
0.077917
0.082500
0.087083
0.091667
0.096250
0.100833
0.105417
0.110000
0.114583
0.119167
0.123750
0.128333
0.132917
0.137500
0.142083
0.146667
0.151250
0.155833
0.160417
0.165000
0.169583
0.174167
0.178750
0.183333
0.187917
0.192500
0.197083
0.201667
0.206250
0.210833
0.215417
0.220000
0.224583
0.229167
0.233750
0.238333
0.242917
0.247500
0.252083
0.256667
0.261250
0.265833
0.270417
0.275000
0.279583
0.284167
0.288750
0.293333
0.297917
0.302500
0.307083
0.311667
0.316250
0.320833
0.325417
0.330000
0.334583
0.339166
0.343750
0.348333
0.352916
0.357500
0.362083
0.366666
0.371250
0.375833
0.380416
0.385000
0.389583
0.394166
0.398750
0.403333
0.407916
0.412500
0.417083
0.421666
0.426250
0.430833
0.435416
0.440000
0.444583
0.449166
0.453750
0.458333
0.462916
0.467500
0.472083
0.476666
0.481250
0.485833
0.490416
0.495000
0.499583
-0.504166
-0.499583
-0.495000
-0.490416
-0.485833
-0.481250
-0.476666
-0.472083
-0.467500
-0.462916
-0.458333
-0.453750
-0.449166
-0.444583
-0.440000
-0.435416
-0.430833
-0.426250
-0.421666
-0.417083
-0.412500
-0.407916
-0.403333
-0.398750
-0.394166
-0.389583
-0.385000
-0.380416
-0.375833
-0.371250
-0.366666
-0.362083
-0.357500
-0.352917
-0.348333
-0.343750
-0.339167
-0.334583
-0.330000
-0.325417
-0.320833
-0.316250
-0.311667
-0.307083
-0.302500
-0.297917
-0.293333
-0.288750
-0.284167
-0.279583
-0.275000
-0.270417
-0.265833
-0.261250
-0.256667
-0.252083
-0.247500
-0.242917
-0.238333
-0.233750
-0.229167
-0.224583
-0.220000
-0.215417
-0.210833
-0.206250
-0.201667
-0.197083
-0.192500
-0.187917
-0.183333
-0.178750
-0.174167
-0.169583
-0.165000
-0.160417
-0.155833
-0.151250
-0.146667
-0.142083
-0.137500
-0.132917
-0.128333
-0.123750
-0.119167
-0.114583
-0.110000
-0.105417
-0.100833
-0.096250
-0.091667
-0.087083
-0.082500
-0.077917
-0.073333
-0.068750
-0.064167
-0.059583
-0.055000
-0.050417
-0.045833
-0.041250
-0.036667
-0.032083
-0.027500
-0.022917
-0.018333
-0.013750
-0.009167
-0.004583
-0.000000
0.004583
0.009167
0.013750
0.018333
0.022917
0.027500
0.032083
0.036667
0.041250
0.045833
0.050417
0.055000
0.059583
0.064167
0.068750
0.073333
0.077917
0.082500
0.087083
0.091667
0.096250
0.100833
0.105417
0.110000
0.114583
0.119167
0.123750
0.128333
0.132917
0.137500
0.142083
0.146667
0.151250
0.155833
0.160417
0.165000
0.169583
0.174167
0.178750
0.183333
0.187917
0.192500
0.197083
0.201667
0.206250
0.210833
0.215417
0.220000
0.224583
0.229167
0.233750
0.238333
0.242917
0.247500
0.252083
0.256667
0.261250
0.265833
0.270417
0.275000
0.279583
0.284167
0.288750
0.293333
0.297917
0.302500
0.307083
0.311667
0.316250
0.320833
0.325417
0.330000
0.334583
0.339166
0.343750
0.348333
0.352916
0.357500
0.362083
0.366666
0.371250
0.375833
0.380416
0.385000
0.389583
0.394166
0.398750
0.403333
0.407916
0.412500
0.417083
0.421666
0.426250
0.430833
0.435416
0.440000
0.444583
0.449166
0.453750
0.458333
0.462916
0.467500
0.472083
0.476666
0.481250
0.485833
0.490416
0.495000
0.499583
-0.504166
-0.499583
-0.495000
-0.490416
-0.485833
-0.481250
-0.476666
-0.472083
-0.467500
-0.462916
-0.458333
-0.453750
-0.449166
-0.444583
-0.440000
-0.435416
-0.430833
-0.426250
-0.421666
-0.417083
-0.412500
-0.407916
-0.403333
-0.398750
-0.394166
-0.389583
-0.385000
-0.380416
-0.375833
-0.371250
-0.366666
-0.362083
-0.357500
-0.352917
-0.348333
-0.343750
-0.339167
-0.334583
-0.330000
-0.325417
-0.320833
-0.316250
-0.311667
-0.307083
-0.302500
-0.297917
-0.293333
-0.288750
-0.284167
-0.279583
-0.275000
-0.270417
-0.265833
-0.261250
-0.256667
-0.252083
-0.247500
-0.242917
-0.238333
-0.233750
-0.229167
-0.224583
-0.220000
-0.215417
-0.210833
-0.206250
-0.201667
-0.197083
-0.192500
-0.187917
-0.183333
-0.178750
-0.174167
-0.169583
-0.165000
-0.160417
-0.155833
-0.151250
-0.146667
-0.142083
-0.137500
-0.132917
-0.128333
-0.123750
-0.119167
-0.114583
-0.110000
-0.105417
-0.100833
-0.096250
-0.091667
-0.087083
-0.082500
-0.077917
-0.073333
-0.068750
-0.064167
-0.059583
-0.055000
-0.050417
-0.045833
-0.041250
-0.036667
-0.032083
-0.027500
-0.022917
-0.018333
-0.013750
-0.009167
-0.004583
-0.000000
0.004583
0.009167
0.013750
0.018333
0.022917
0.027500
0.032083
0.036667
0.041250
0.045833
0.050417
0.055000
0.059583
0.064167
0.068750
0.073333
0.077917
0.082500
0.087083
0.091667
0.096250
0.100833
0.105417
0.110000
0.114583
0.119167
0.123750
0.128333
0.132917
0.137500
0.142083
0.146667
0.151250
0.155833
0.160417
0.165000
0.169583
0.174167
0.178750
0.183333
0.187917
0.192500
0.197083
0.201667
0.206250
0.210833
0.215417
0.220000
0.224583
0.229167
0.233750
0.238333
0.242917
0.247500
0.252083
0.256667
0.261250
0.265833
0.270417
0.275000
0.279583
0.284167
0.288750
0.293333
0.297917
0.302500
0.307083
0.311667
0.316250
0.320833
0.325417
0.330000
0.334583
0.339166
0.343750
0.348333
0.352916
0.357500
0.362083
0.366666
0.371250
0.375833
0.380416
0.385000
0.389583
0.394166
0.398750
0.403333
0.407916
0.412500
0.417083
0.421666
0.426250
0.430833
0.435416
0.440000
0.444583
0.449166
0.453750
0.458333
0.462916
0.467500
0.472083
0.476666
0.481250
0.485833
0.490416
0.495000
0.499583
-0.504166
-0.499583
-0.495000
-0.490416
-0.485833
-0.481250
-0.476666
-0.472083
-0.467500
-0.462916
-0.458333
-0.453750
-0.449166
-0.444583
-0.440000
-0.435416
-0.430833
-0.426250
-0.421666
-0.417083
-0.412500
-0.407916
-0.403333
-0.398750
-0.394166
-0.389583
-0.385000
-0.380416
-0.375833
-0.371250
-0.366666
-0.362083
-0.357500
-0.352917
-0.348333
-0.343750
-0.339167
-0.334583
-0.330000
-0.325417
-0.320833
-0.316250
-0.311667
-0.307083
-0.302500
-0.297917
-0.293333
-0.288750
-0.284167
-0.279583
-0.275000
-0.270417
-0.265833
-0.261250
-0.256667
-0.252083
-0.247500
-0.242917
-0.238333
-0.233750
-0.229167
-0.224583
-0.220000
-0.215417
-0.210833
-0.206250
-0.201667
-0.197083
-0.192500
-0.187917
-0.183333
-0.178750
-0.174167
-0.169583
-0.165000
-0.160417
-0.155833
-0.151250
-0.146667
-0.142083
-0.137500
-0.132917
-0.128333
-0.123750
-0.119167
-0.114583
-0.110000
-0.105417
-0.100833
-0.096250
-0.091667
-0.087083
-0.082500
-0.077917
-0.073333
-0.068750
-0.064167
-0.059583
-0.055000
-0.050417
-0.045833
-0.041250
-0.036667
-0.032083
-0.027500
-0.022917
-0.018333
-0.013750
-0.009167
-0.004583
-0.000000
0.004583
0.009167
0.013750
0.018333
0.022917
0.027500
0.032083
0.036667
0.041250
0.045833
0.050417
0.055000
0.059583
0.064167
0.068750
0.073333
0.077917
0.082500
0.087083
0.091667
0.096250
0.100833
0.105417
0.110000
0.114583
0.119167
0.123750
0.128333
0.132917
0.137500
0.142083
0.146667
0.151250
0.155833
0.160417
0.165000
0.169583
0.174167
0.178750
0.183333
0.187917
0.192500
0.197083
0.201667
0.206250
0.210833
0.215417
0.220000
0.224583
0.229167
0.233750
0.238333
0.242917
0.247500
0.252083
0.256667
0.261250
0.265833
0.270417
0.275000
0.279583
0.284167
0.288750
0.293333
0.297917
0.302500
0.307083
0.311667
0.316250
0.320833
0.325417
0.330000
0.334583
0.339166
0.343750
0.348333
0.352916
0.357500
0.362083
0.366666
0.371250
0.375833
0.380416
0.385000
0.389583
0.394166
0.398750
0.403333
0.407916
0.412500
0.417083
0.421666
0.426250
0.430833
0.435416
0.440000
0.444583
0.449166
0.453750
0.458333
0.462916
0.467500
0.472083
0.476666
0.481250
0.485833
0.490416
0.495000
0.499583
-0.504166
-0.499583
-0.495000
-0.490416
-0.485833
-0.481250
-0.476666
-0.472083
-0.467500
-0.462916
-0.458333
-0.453750
-0.449166
-0.444583
-0.440000
-0.435416
-0.430833
-0.426250
-0.421666
-0.417083
-0.412500
-0.407916
-0.403333
-0.398750
-0.394166
-0.389583
-0.385000
-0.380416
-0.375833
-0.371250
-0.366666
-0.362083
-0.357500
-0.352917
-0.348333
-0.343750
-0.339167
-0.334583
-0.330000
-0.325417
-0.320833
-0.316250
-0.311667
-0.307083
-0.302500
-0.297917
-0.293333
-0.288750
-0.284167
-0.279583
-0.275000
-0.270417
-0.265833
-0.261250
-0.256667
-0.252083
-0.247500
-0.242917
-0.238333
-0.233750
-0.229167
-0.224583
-0.220000
-0.215417
-0.210833
-0.206250
-0.201667
-0.197083
-0.192500
-0.187917
-0.183333
-0.178750
-0.174167
-0.169583
-0.165000
-0.160417
-0.155833
-0.151250
-0.146667
-0.142083
-0.137500
-0.132917
-0.128333
-0.123750
-0.119167
-0.114583
-0.110000
-0.105417
-0.100833
-0.096250
-0.091667
-0.087083
-0.082500
-0.077917
-0.073333
-0.068750
-0.064167
-0.059583
-0.055000
-0.050417
-0.045833
-0.041250
-0.036667
-0.032083
-0.027500
-0.022917
-0.018333
-0.013750
-0.009167
-0.004583
-0.000000
0.004583
0.009167
0.013750
0.018333
0.022917
0.027500
0.032083
0.036667
0.041250
0.045833
0.050417
0.055000
0.059583
0.064167
0.068750
0.073333
0.077917
0.082500
0.087083
0.091667
0.096250
0.100833
0.105417
0.110000
0.114583
0.119167
0.123750
0.128333
0.132917
0.137500
0.142083
0.146667
0.151250
0.155833
0.160417
0.165000
0.169583
0.174167
0.178750
0.183333
0.187917
0.192500
0.197083
0.201667
0.206250
0.210833
0.215417
0.220000
0.224583
0.229167
0.233750
0.238333
0.242917
0.247500
0.252083
0.256667
0.261250
0.265833
0.270417
0.275000
0.279583
0.284167
0.288750
0.293333
0.297917
0.302500
0.307083
0.311667
0.316250
0.320833
0.325417
0.330000
0.334583
0.339166
0.343750
0.348333
0.352916
0.357500
0.362083
0.366666
0.371250
0.375833
0.380416
0.385000
0.389583
0.394166
0.398750
0.403333
0.407916
0.412500
0.417083
0.421666
0.426250
0.430833
0.435416
0.440000
0.444583
0.449166
0.453750
0.458333
0.462916
0.467500
0.472083
0.476666
0.481250
0.485833
0.490416
0.495000
0.499583
-0.504166
-0.499583
-0.495000
-0.490416
-0.485833
-0.481250
-0.476666
-0.472083
-0.467500
-0.462916
-0.458333
-0.453750
-0.449166
-0.444583
-0.440000
-0.435416
-0.430833
-0.426250
-0.421666
-0.417083
-0.412500
-0.407916
-0.403333
-0.398750
-0.394166
-0.389583
-0.385000
-0.380416
-0.375833
-0.371250
-0.366666
-0.362083
-0.357500
-0.352917
-0.348333
-0.343750
-0.339167
-0.334583
-0.330000
-0.325417
-0.320833
-0.316250
-0.311667
-0.307083
-0.302500
-0.297917
-0.293333
-0.288750
-0.284167
-0.279583
-0.275000
-0.270417
-0.265833
-0.261250
-0.256667
-0.252083
-0.247500
-0.242917
-0.238333
-0.233750
-0.229167
-0.224583
-0.220000
-0.215417
-0.210833
-0.206250
-0.201667
-0.197083
-0.192500
-0.187917
-0.183333
-0.178750
-0.174167
-0.169583
-0.165000
-0.160417
-0.155833
-0.151250
-0.146667
-0.142083
-0.137500
-0.132917
-0.128333
-0.123750
-0.119167
-0.114583
-0.110000
-0.105417
-0.100833
-0.096250
-0.091667
-0.087083
-0.082500
-0.077917
-0.073333
-0.068750
-0.064167
-0.059583
-0.055000
-0.050417
-0.045833
-0.041250
-0.036667
-0.032083
-0.027500
-0.022917
-0.018333
-0.013750
-0.009167
-0.004583
-0.000000
0.004583
0.009167
0.013750
0.018333
0.022917
0.027500
0.032083
0.036667
0.041250
0.045833
0.050417
0.055000
0.059583
0.064167
0.068750
0.073333
0.077917
0.082500
0.087083
0.091667
0.096250
0.100833
0.105417
0.110000
0.114583
0.119167
0.123750
0.128333
0.132917
0.137500
0.142083
0.146667
0.151250
0.155833
0.160417
0.165000
0.169583
0.174167
0.178750
0.183333
0.187917
0.192500
0.197083
0.201667
0.206250
0.210833
0.215417
0.220000
0.224583
0.229167
0.233750
0.238333
0.242917
0.247500
0.252083
0.256667
0.261250
0.265833
0.270417
0.275000
0.279583
0.284167
0.288750
0.293333
0.297917
0.302500
0.307083
0.311667
0.316250
0.320833
0.325417
0.330000
0.334583
0.339166
0.343750
0.348333
0.352916
0.357500
0.362083
0.366666
0.371250
0.375833
0.380416
0.385000
0.389583
0.394166
0.398750
0.403333
0.407916
0.412500
0.417083
0.421666
0.426250
0.430833
0.435416
0.440000
0.444583
0.449166
0.453750
0.458333
0.462916
0.467500
0.472083
0.476666
0.481250
0.485833
0.490416
0.495000
0.499583
-0.504166
-0.499583
-0.495000
-0.490416
-0.485833
-0.481250
-0.476666
-0.472083
-0.467500
-0.462916
-0.458333
-0.453750
-0.449166
-0.444583
-0.440000
-0.435416
-0.430833
-0.426250
-0.421666
-0.417083
-0.412500
-0.407916
-0.403333
-0.398750
-0.394166
-0.389583
-0.385000
-0.380416
-0.375833
-0.371250
-0.366666
-0.362083
-0.357500
-0.352917
-0.348333
-0.343750
-0.339167
-0.334583
-0.330000
-0.325417
-0.320833
-0.316250
-0.311667
-0.307083
-0.302500
-0.297917
-0.293333
-0.288750
-0.284167
-0.279583
-0.275000
-0.270417
-0.265833
-0.261250
-0.256667
-0.252083
-0.247500
-0.242917
-0.238333
-0.233750
-0.229167
-0.224583
-0.220000
-0.215417
-0.210833
-0.206250
-0.201667
-0.197083
-0.192500
-0.187917
-0.183333
-0.178750
-0.174167
-0.169583
-0.165000
-0.160417
-0.155833
-0.151250
-0.146667
-0.142083
-0.137500
-0.132917
-0.128333
-0.123750
-0.119167
-0.114583
-0.110000
-0.105417
-0.100833
-0.096250
-0.091667
-0.087083
-0.082500
-0.077917
-0.073333
-0.068750
-0.064167
-0.059583
-0.055000
-0.050417
-0.045833
-0.041250
-0.036667
-0.032083
-0.027500
-0.022917
-0.018333
-0.013750
-0.009167
-0.004583
-0.000000
0.004583
0.009167
0.013750
0.018333
0.022917
0.027500
0.032083
0.036667
0.041250
0.045833
0.050417
0.055000
0.059583
0.064167
0.068750
0.073333
0.077917
0.082500
0.087083
0.091667
0.096250
0.100833
0.105417
0.110000
0.114583
0.119167
0.123750
0.128333
0.132917
0.137500
0.142083
0.146667
0.151250
0.155833
0.160417
0.165000
0.169583
0.174167
0.178750
0.183333
0.187917
0.192500
0.197083
0.201667
0.206250
0.210833
0.215417
0.220000
0.224583
0.229167
0.233750
0.238333
0.242917
0.247500
0.252083
0.256667
0.261250
0.265833
0.270417
0.275000
0.279583
0.284167
0.288750
0.293333
0.297917
0.302500
0.307083
0.311667
0.316250
0.320833
0.325417
0.330000
0.334583
0.339166
0.343750
0.348333
0.352916
0.357500
0.362083
0.366666
0.371250
0.375833
0.380416
0.385000
0.389583
0.394166
0.398750
0.403333
0.407916
0.412500
0.417083
0.421666
0.426250
0.430833
0.435416
0.440000
0.444583
0.449166
0.453750
0.458333
0.462916
0.467500
0.472083
0.476666
0.481250
0.485833
0.490416
0.495000
0.499583
-0.504166
-0.499583
-0.495000
-0.490416
-0.485833
-0.481250
-0.476666
-0.472083
-0.467500
-0.462916
-0.458333
-0.453750
-0.449166
-0.444583
-0.440000
-0.435416
-0.430833
-0.426250
-0.421666
-0.417083
-0.412500
-0.407916
-0.403333
-0.398750
-0.394166
-0.389583
-0.385000
-0.380416
-0.375833
-0.371250
-0.366666
-0.362083
-0.357500
-0.352917
-0.348333
-0.343750
-0.339167
-0.334583
-0.330000
-0.325417
-0.320833
-0.316250
-0.311667
-0.307083
-0.302500
-0.297917
-0.293333
-0.288750
-0.284167
-0.279583
-0.275000
-0.270417
-0.265833
-0.261250
-0.256667
-0.252083
-0.247500
-0.242917
-0.238333
-0.233750
-0.229167
-0.224583
-0.220000
-0.215417
-0.210833
-0.206250
-0.201667
-0.197083
-0.192500
-0.187917
-0.183333
-0.178750
-0.174167
-0.169583
-0.165000
-0.160417
-0.155833
-0.151250
-0.146667
-0.142083
-0.137500
-0.132917
-0.128333
-0.123750
-0.119167
-0.114583
-0.110000
-0.105417
-0.100833
-0.096250
-0.091667
-0.087083
-0.082500
-0.077917
-0.073333
-0.068750
-0.064167
-0.059583
-0.055000
-0.050417
-0.045833
-0.041250
-0.036667
-0.032083
-0.027500
-0.022917
-0.018333
-0.013750
-0.009167
-0.004583
-0.000000
0.004583
0.009167
0.013750
0.018333
0.022917
0.027500
0.032083
0.036667
0.041250
0.045833
0.050417
0.055000
0.059583
0.064167
0.068750
0.073333
0.077917
0.082500
0.087083
0.091667
0.096250
0.100833
0.105417
0.110000
0.114583
0.119167
0.123750
0.128333
0.132917
0.137500
0.142083
0.146667
0.151250
0.155833
0.160417
0.165000
0.169583
0.174167
0.178750
0.183333
0.187917
0.192500
0.197083
0.201667
0.206250
0.210833
0.215417
0.220000
0.224583
0.229167
0.233750
0.238333
0.242917
0.247500
0.252083
0.256667
0.261250
0.265833
0.270417
0.275000
0.279583
0.284167
0.288750
0.293333
0.297917
0.302500
0.307083
0.311667
0.316250
0.320833
0.325417
0.330000
0.334583
0.339166
0.343750
0.348333
0.352916
0.357500
0.362083
0.366666
0.371250
0.375833
0.380416
0.385000
0.389583
0.394166
0.398750
0.403333
0.407916
0.412500
0.417083
0.421666
0.426250
0.430833
0.435416
0.440000
0.444583
0.449166
0.453750
0.458333
0.462916
0.467500
0.472083
0.476666
0.481250
0.485833
0.490416
0.495000
0.499583
-0.504166
-0.499583
-0.495000
-0.490416
-0.485833
-0.481250
-0.476666
-0.472083
-0.467500
-0.462916
-0.458333
-0.453750
-0.449166
-0.444583
-0.440000
-0.435416
-0.430833
-0.426250
-0.421666
-0.417083
-0.412500
-0.407916
-0.403333
-0.398750
-0.394166
-0.389583
-0.385000
-0.380416
-0.375833
-0.371250
-0.366666
-0.362083
-0.357500
-0.352917
-0.348333
-0.343750
-0.339167
-0.334583
-0.330000
-0.325417
-0.320833
-0.316250
-0.311667
-0.307083
-0.302500
-0.297917
-0.293333
-0.288750
-0.284167
-0.279583
-0.275000
-0.270417
-0.265833
-0.261250
-0.256667
-0.252083
-0.247500
-0.242917
-0.238333
-0.233750
-0.229167
-0.224583
-0.220000
-0.215417
-0.210833
-0.206250
-0.201667
-0.197083
-0.192500
-0.187917
-0.183333
-0.178750
-0.174167
-0.169583
-0.165000
-0.160417
-0.155833
-0.151250
-0.146667
-0.142083
-0.137500
-0.132917
-0.128333
-0.123750
-0.119167
-0.114583
-0.110000
-0.105417
-0.100833
-0.096250
-0.091667
-0.087083
-0.082500
-0.077917
-0.073333
-0.068750
-0.064167
-0.059583
-0.055000
-0.050417
-0.045833
-0.041250
-0.036667
-0.032083
-0.027500
-0.022917
-0.018333
-0.013750
-0.009167
-0.004583
-0.000000
0.004583
0.009167
0.013750
0.018333
0.022917
0.027500
0.032083
0.036667
0.041250
0.045833
0.050417
0.055000
0.059583
0.064167
0.068750
0.073333
0.077917
0.082500
0.087083
0.091667
0.096250
0.100833
0.105417
0.110000
0.114583
0.119167
0.123750
0.128333
0.132917
0.137500
0.142083
0.146667
0.151250
0.155833
0.160417
0.165000
0.169583
0.174167
0.178750
0.183333
0.187917
0.192500
0.197083
0.201667
0.206250
0.210833
0.215417
0.220000
0.224583
0.229167
0.233750
0.238333
0.242917
0.247500
0.252083
0.256667
0.261250
0.265833
0.270417
0.275000
0.279583
0.284167
0.288750
0.293333
0.297917
0.302500
0.307083
0.311667
0.316250
0.320833
0.325417
0.330000
0.334583
0.339166
0.343750
0.348333
0.352916
0.357500
0.362083
0.366666
0.371250
0.375833
0.380416
0.385000
0.389583
0.394166
0.398750
0.403333
0.407916
0.412500
0.417083
0.421666
0.426250
0.430833
0.435416
0.440000
0.444583
0.449166
0.453750
0.458333
0.462916
0.467500
0.472083
0.476666
0.481250
0.485833
0.490416
0.495000
0.499583
-0.504166
-0.499583
-0.495000
-0.490416
-0.485833
-0.481250
-0.476666
-0.472083
-0.467500
-0.462916
-0.458333
-0.453750
-0.449166
-0.444583
-0.440000
-0.435416
-0.430833
-0.426250
-0.421666
-0.417083
-0.412500
-0.407916
-0.403333
-0.398750
-0.394166
-0.389583
-0.385000
