224
224
224
224
223
223
224
224
225
225
223
223
223
223
224
224
224
224
224
224
224
224
225
225
223
223
224
224
225
225
224
224
225
225
224
224
224
224
223
223
223
223
224
224
224
224
225
225
224
224
223
223
223
223
223
223
225
225
224
224
224
224
223
223
224
224
224
224
224
224
224
224
225
225
224
224
224
224
224
224
223
223
224
224
224
224
225
225
223
223
224
224
225
225
224
224
224
224
223
223
223
223
223
223
224
224
223
223
224
224
223
223
225
225
224
224
224
224
223
223
224
224
224
224
223
223
224
224
224
224
224
224
223
223
223
223
223
223
223
223
224
224
225
225
222
222
223
223
224
224
224
224
223
223
224
224
223
223
223
223
223
223
224
224
223
223
223
223
223
223
223
223
222
222
223
223
224
224
224
224
224
224
223
223
223
223
223
223
223
223
223
223
224
224
223
223
223
223
223
223
224
224
225
225
223
223
223
223
223
223
223
223
224
224
223
223
223
223
222
222
223
223
223
223
223
223
223
223
224
224
223
223
224
224
223
223
223
223
223
223
224
224
223
223
223
223
223
223
224
224
223
223
224
224
224
224
223
223
223
223
223
223
224
224
223
223
223
223
223
223
223
223
223
223
224
224
223
223
223
223
222
222
224
224
223
223
223
223
223
223
223
223
224
224
223
223
224
224
224
224
224
224
224
224
223
223
223
223
222
222
222
222
223
223
224
224
223
223
223
223
223
223
222
222
223
223
223
223
222
222
223
223
223
223
223
223
224
224
223
223
223
223
223
223
224
224
224
224
224
224
223
223
223
223
223
223
222
222
223
223
222
222
224
224
223
223
223
223
223
223
223
223
223
223
222
222
223
223
223
223
223
223
222
222
222
222
223
223
223
223
223
223
223
223
222
222
223
223
221
221
224
224
223
223
223
223
224
224
223
223
222
222
223
223
223
223
223
223
222
222
224
224
223
223
222
222
223
223
222
222
223
223
223
223
222
222
223
223
223
223
224
224
223
223
222
222
224
224
222
222
224
224
222
222
223
223
224
224
222
222
222
222
223
223
222
222
222
222
223
223
223
223
223
223
223
223
224
224
224
224
223
223
223
223
223
223
223
223
222
222
223
223
223
223
223
223
223
223
222
222
223
223
223
223
224
224
223
223
223
223
223
223
224
224
224
224
223
223
223
223
222
222
224
224
223
223
223
223
222
222
223
223
224
224
222
222
223
223
223
223
223
223
223
223
222
222
224
224
223
223
224
224
223
223
223
223
224
224
223
223
223
223
224
224
224
224
223
223
223
223
224
224
224
224
223
223
223
223
223
223
223
223
223
223
222
222
224
224
224
224
223
223
222
222
223
223
223
223
223
223
224
224
223
223
224
224
224
224
223
223
224
224
223
223
222
222
224
224
221
221
223
223
223
223
223
223
223
223
224
224
224
224
224
224
223
223
224
224
224
224
223
223
223
223
223
223
222
222
222
222
223
223
224
224
223
223
223
223
224
224
224
224
224
224
222
222
224
224
223
223
225
225
223
223
223
223
224
224
224
224
223
223
223
223
223
223
224
224
224
224
224
224
223
223
223
223
224
224
223
223
223
223
222
222
223
223
223
223
224
224
224
224
223
223
225
225
224
224
223
223
224
224
223
223
223
223
223
223
223
223
224
224
222
222
223
223
222
222
223
223
223
223
223
223
223
223
223
223
222
222
224
224
223
223
223
223
224
224
224
224
224
224
223
223
223
223
223
223
224
224
223
223
222
222
223
223
224
224
222
222
222
222
222
222
223
223
223
223
224
224
224
224
222
222
223
223
224
224
224
224
223
223
222
222
223
223
223
223
222
222
222
222
223
223
223
223
224
224
223
223
223
223
223
223
223
223
223
223
223
223
224
224
223
223
223
223
223
223
222
222
223
223
223
223
223
223
224
224
223
223
223
223
222
222
222
222
223
223
223
223
224
224
222
222
223
223
222
222
223
223
223
223
223
223
222
222
224
224
224
224
224
224
222
222
223
223
223
223
223
223
224
224
223
223
222
222
222
222
224
224
223
223
223
223
223
223
224
224
223
223
224
224
222
222
223
223
223
223
222
222
223
223
222
222
223
223
224
224
223
223
224
224
224
224
224
224
223
223
223
223
222
222
223
223
224
224
223
223
223
223
225
225
224
224
224
224
225
225
223
223
225
225
224
224
223
223
223
223
223
223
224
224
222
222
222
222
223
223
223
223
224
224
222
222
223
223
224
224
223
223
224
224
223
223
223
223
224
224
222
222
223
223
224
224
224
224
224
224
222
222
224
224
222
222
223
223
222
222
223
223
225
225
223
223
0
0
0
0
0
0
0
0
0
0
0
0
0
0
0
0
0
0
0
0
0
0
0
0
0
0
0
0
0
0
0
0
0
0
0
0
0
0
0
0
0
0
0
0
0
0
0
0
0
0
0
0
0
0
0
0
0
0
0
0
0
0
0
0
0
0
0
0
0
0
0
0
0
0
0
0
0
0
0
0
0
0
0
0
0
0
0
0
0
0
0
0
0
0
0
0
0
0
0
0
0
0
0
0
0
0
0
0
0
0
0
0
0
0
0
0
0
0
0
0
0
0
0
0
0
0
0
0
0
0
0
0
0
0
0
0
0
0
0
0
0
0
0
0
0
0
0
0
0
0
0
0
0
0
0
0
0
0
0
0
-2
-2
-185
-185
-2129
-2129
-7882
-7882
-12400
-12400
-11171
-11171
-10961
-10961
-11458
-11458
-10976
-10976
-11337
-11337
-11050
-11050
-11246
-11246
-11083
-11083
-11190
-11190
-11091
-11091
-11150
-11150
-11086
-11086
-11121
-11121
-11078
-11078
-11095
-11095
-11064
-11064
-11072
-11072
-11048
-11048
-11048
-11048
-11031
-11031
-11028
-11028
-11015
-11015
-11007
-11007
-10997
-10997
-10988
-10988
-10979
-10979
-10968
-10968
-10960
-10960
-10951
-10951
-10944
-10944
-10931
-10931
-10923
-10923
-10912
-10912
-10904
-10904
-10893
-10893
-10885
-10885
-10875
-10875
-10868
-10868
-10856
-10856
-10848
-10848
-10838
-10838
-10831
-10831
-10819
-10819
-10812
-10812
-10802
-10802
-10794
-10794
-10783
-10783
-10775
-10775
-10765
-10765
-10757
-10757
-10746
-10746
-10738
-10738
-10728
-10728
-10720
-10720
-10710
-10710
-10702
-10702
-10693
-10693
-10683
-10683
-10674
-10674
-10664
-10664
-10656
-10656
-10647
-10647
-10637
-10637
-10629
-10629
-10619
-10619
-10611
-10611
-10602
-10602
-10593
-10593
-10585
-10585
-10575
-10575
-10567
-10567
-10557
-10557
-10548
-10548
-10540
-10540
-10531
-10531
-10523
-10523
-10513
-10513
-10505
-10505
-10496
-10496
-10486
-10486
-10477
-10477
-10469
-10469
-10459
-10459
-10452
-10452
-10441
-10441
-10433
-10433
-10423
-10423
-10415
-10415
-10406
-10406
-10398
-10398
-10390
-10390
-10381
-10381
-10374
-10374
-10365
-10365
-10354
-10354
-10347
-10347
-10339
-10339
-10328
-10328
-10320
-10320
-10312
-10312
-10304
-10304
-10293
-10293
-10285
-10285
-10276
-10276
-10268
-10268
-10259
-10259
-10252
-10252
-10242
-10242
-10234
-10234
-10225
-10225
-10216
-10216
-10209
-10209
-10199
-10199
-10190
-10190
-10183
-10183
-10174
-10174
-10165
-10165
-10156
-10156
-10148
-10148
-10139
-10139
-10130
-10130
-10122
-10122
-10114
-10114
-10105
-10105
-10096
-10096
-10089
-10089
-10080
-10080
-10070
-10070
-10062
-10062
-10054
-10054
-10046
-10046
-10037
-10037
-10029
-10029
-10021
-10021
-10011
-10011
-10004
-10004
-9995
-9995
-9986
-9986
-9977
-9977
-9968
-9968
-9961
-9961
-9954
-9954
-9944
-9944
-9937
-9937
-9929
-9929
-9921
-9921
-9911
-9911
-9903
-9903
-9894
-9894
-9886
-9886
-9877
-9877
-9870
-9870
-9862
-9862
-9853
-9853
-9846
-9846
-9837
-9837
-9830
-9830
-9820
-9820
-9813
-9813
-9804
-9804
-9795
-9795
-9788
-9788
-9779
-9779
-9771
-9771
-9763
-9763
-9754
-9754
-9746
-9746
-9738
-9738
-9731
-9731
-9722
-9722
-9714
-9714
-9706
-9706
-9697
-9697
-9690
-9690
-9681
-9681
-9673
-9673
-9666
-9666
-9657
-9657
-9651
-9651
-9642
-9642
-9634
-9634
-9625
-9625
-9618
-9618
-9608
-9608
-9600
-9600
-9593
-9593
-9586
-9586
-9577
-9577
-9569
-9569
-9561
-9561
-9553
-9553
-9546
-9546
-9537
-9537
-9530
-9530
-9522
-9522
-9513
-9513
-9506
-9506
-9498
-9498
-9490
-9490
-9481
-9481
-9473
-9473
-9466
-9466
-9457
-9457
-9450
-9450
-9442
-9442
-9434
-9434
-9425
-9425
-9418
-9418
-9411
-9411
-9402
-9402
-9395
-9395
-9387
-9387
-9379
-9379
-9371
-9371
-9363
-9363
-9356
-9356
-9348
-9348
-9340
-9340
-9332
-9332
-9325
-9325
-9317
-9317
-9309
-9309
-9300
-9300
-9293
-9293
-9285
-9285
-9278
-9278
-9272
-9272
-9263
-9263
-9255
-9255
-9248
-9248
-9240
-9240
-9232
-9232
-9224
-9224
-9217
-9217
-9208
-9208
-9201
-9201
-9193
-9193
-9186
-9186
-9179
-9179
-9171
-9171
-9162
-9162
-9155
-9155
-9147
-9147
-9139
-9139
-9133
-9133
-9124
-9124
-9117
-9117
-9109
-9109
-9100
-9100
-9095
-9095
-9087
-9087
-9080
-9080
-9072
-9072
-9065
-9065
-9057
-9057
-9048
-9048
-9043
-9043
-9033
-9033
-9026
-9026
-9019
-9019
-9011
-9011
-9004
-9004
-8996
-8996
-8988
-8988
-8981
-8981
-8973
-8973
-8966
-8966
-8958
-8958
-8952
-8952
-8944
-8944
-8936
-8936
-8929
-8929
-8921
-8921
-8914
-8914
-8907
-8907
-8899
-8899
-8891
-8891
-8885
-8885
-8877
-8877
-8869
-8869
-8862
-8862
-8855
-8855
-8846
-8846
-8840
-8840
-8833
-8833
-8825
-8825
-8819
-8819
-8810
-8810
-8803
-8803
-8796
-8796
-8789
-8789
-8782
-8782
-8773
-8773
-8768
-8768
-8760
-8760
-8752
-8752
-8745
-8745
-8738
-8738
-8731
-8731
-8723
-8723
-8716
-8716
-8709
-8709
-8701
-8701
-8694
-8694
-8686
-8686
-8680
-8680
-8673
-8673
-8665
-8665
-8659
-8659
-8650
-8650
-8644
-8644
-8636
-8636
-8629
-8629
-8623
-8623
-8615
-8615
-8608
-8608
-8601
-8601
-8594
-8594
-8588
-8588
-8579
-8579
-8573
-8573
-8565
-8565
-8558
-8558
-8551
-8551
-8544
-8544
-8537
-8537
-8529
-8529
-8522
-8522
-8515
-8515
-8508
-8508
-8500
-8500
-8493
-8493
-8487
-8487
-8481
-8481
-8473
-8473
-8467
-8467
-8460
-8460
-8451
-8451
-8445
-8445
-8438
-8438
-8430
-8430
-8423
-8423
-8416
-8416
-8411
-8411
-8402
-8402
-8397
-8397
-8390
-8390
-8382
-8382
-8376
-8376
-8368
-8368
-8362
-8362
-8353
-8353
-8349
-8349
-8341
-8341
-8334
-8334
-8327
-8327
-8319
-8319
-8313
-8313
-8307
-8307
-8299
-8299
-8292
-8292
-8285
-8285
-8279
-8279
-8272
-8272
-8265
-8265
-8257
-8257
-8251
-8251
-8244
-8244
-8238
-8238
-8232
-8232
-8225
-8225
-8217
-8217
-8210
-8210
-8205
-8205
-8196
-8196
-8191
-8191
-8185
-8185
-8176
-8176
-8169
-8169
-8163
-8163
-8156
-8156
-8150
-8150
-8142
-8142
-8136
-8136
-8129
-8129
-8121
-8121
-8114
-8114
-8109
-8109
-8101
-8101
-8095
-8095
-8089
-8089
-8082
-8082
-8075
-8075
-8069
-8069
-8062
-8062
-8055
-8055
-8049
-8049
-8041
-8041
-8035
-8035
-8028
-8028
-8021
-8021
-8015
-8015
-8008
-8008
-8002
-8002
-7996
-7996
-7989
-7989
-7982
-7982
-7975
-7975
-7969
-7969
-7962
-7962
-7955
-7955
-7949
-7949
-7941
-7941
-7935
-7935
-7929
-7929
-7922
-7922
-7916
-7916
-7908
-7908
-7901
-7901
-7897
-7897
-7889
-7889
-7883
-7883
-7877
-7877
-7871
-7871
-7863
-7863
-7857
-7857
-7851
-7851
0
0
0
0
0
0
0
0
0
0
0
0
0
0
0
0
0
0
0
0
0
0
0
0
0
0
0
0
0
0
0
0
0
0
0
0
0
0
0
0
0
0
0
0
0
0
0
0
0
0
0
0
0
0
0
0
0
0
0
0
0
0
0
0
0
0
0
0
0
0
0
0
0
0
0
0
0
0
0
0
0
0
0
0
0
0
0
0
0
0
0
0
0
0
0
0
0
0
0
0
0
0
0
0
0
0
0
0
0
0
0
0
0
0
0
0
0
0
0
0
0
0
0
0
0
0
0
0
0
0
0
0
0
0
0
0
0
0
0
0
0
0
0
0
0
0
0
0
0
0
0
0
0
0
0
0
0
0
0
0
-2
-2
-185
-185
-2129
-2129
-7882
-7882
-12400
-12400
-11171
-11171
-10961
-10961
-11458
-11458
-10976
-10976
-11337
-11337
-11050
-11050
-11246
-11246
-11083
-11083
-11190
-11190
-11091
-11091
-11150
-11150
-11086
-11086
-11121
-11121
-11078
-11078
-11095
-11095
-11064
-11064
-11072
-11072
-11048
-11048
-11048
-11048
-11031
-11031
-11028
-11028
-11015
-11015
-11007
-11007
-10997
-10997
-10988
-10988
-10979
-10979
-10968
-10968
-10960
-10960
-10951
-10951
-10944
-10944
-10931
-10931
-10923
-10923
-10912
-10912
-10904
-10904
-10893
-10893
-10885
-10885
-10875
-10875
-10868
-10868
-10856
-10856
-10848
-10848
-10838
-10838
-10831
-10831
-10819
-10819
-10812
-10812
-10802
-10802
-10794
-10794
-10783
-10783
-10775
-10775
-10765
-10765
-10757
-10757
-10746
-10746
-10738
-10738
-10728
-10728
-10720
-10720
-10710
-10710
-10702
-10702
-10693
-10693
-10683
-10683
-10674
-10674
-10664
-10664
-10656
-10656
-10647
-10647
-10637
-10637
-10629
-10629
-10619
-10619
-10611
-10611
-10602
-10602
-10593
-10593
-10585
-10585
-10575
-10575
-10567
-10567
-10557
-10557
-10548
-10548
-10540
-10540
-10531
-10531
-10523
-10523
-10513
-10513
-10505
-10505
-10496
-10496
-10486
-10486
-10477
-10477
-10469
-10469
-10459
-10459
-10452
-10452
-10441
-10441
-10433
-10433
-10423
-10423
-10415
-10415
-10406
-10406
-10398
-10398
-10390
-10390
-10381
-10381
-10374
-10374
-10365
-10365
-10354
-10354
-10347
-10347
-10339
-10339
-10328
-10328
-10320
-10320
-10312
-10312
-10304
-10304
-10293
-10293
-10285
-10285
-10276
-10276
-10268
-10268
-10259
-10259
-10252
-10252
-10242
-10242
-10234
-10234
-10225
-10225
-10216
-10216
-10209
-10209
-10199
-10199
-10190
-10190
-10183
-10183
-10174
-10174
-10165
-10165
-10156
-10156
-10148
-10148
-10139
-10139
-10130
-10130
-10122
-10122
-10114
-10114
-10105
-10105
-10096
-10096
-10089
-10089
-10080
-10080
-10070
-10070
-10062
-10062
-10054
-10054
-10046
-10046
-10037
-10037
-10029
-10029
-10021
-10021
-10011
-10011
-10004
-10004
-9995
-9995
-9986
-9986
-9977
-9977
-9968
-9968
-9961
-9961
-9954
-9954
-9944
-9944
-9937
-9937
-9929
-9929
-9921
-9921
-9911
-9911
-9903
-9903
-9894
-9894
-9886
-9886
-9877
-9877
-9870
-9870
-9862
-9862
-9853
-9853
-9846
-9846
-9837
-9837
-9830
-9830
-9820
-9820
-9813
-9813
-9804
-9804
-9795
-9795
-9788
-9788
-9779
-9779
-9771
-9771
-9763
-9763
-9754
-9754
-9746
-9746
-9738
-9738
-9731
-9731
-9722
-9722
-9714
-9714
-9706
-9706
-9697
-9697
-9690
-9690
-9681
-9681
-9673
-9673
-9666
-9666
-9657
-9657
-9651
-9651
-9642
-9642
-9634
-9634
-9625
-9625
-9618
-9618
-9608
-9608
-9600
-9600
-9593
-9593
-9586
-9586
-9577
-9577
-9569
-9569
-9561
-9561
-9553
-9553
-9546
-9546
-9537
-9537
-9530
-9530
-9522
-9522
-9513
-9513
-9506
-9506
-9498
-9498
-9490
-9490
-9481
-9481
-9473
-9473
-9466
-9466
-9457
-9457
-9450
-9450
-9442
-9442
-9434
-9434
-9425
-9425
-9418
-9418
-9411
-9411
-9402
-9402
-9395
-9395
-9387
-9387
-9379
-9379
-9371
-9371
-9363
-9363
-9356
-9356
-9348
-9348
-9340
-9340
-9332
-9332
-9325
-9325
-9317
-9317
-9309
-9309
-9300
-9300
-9293
-9293
-9285
-9285
-9278
-9278
-9272
-9272
-9263
-9263
-9255
-9255
-9248
-9248
-9240
-9240
-9232
-9232
-9224
-9224
-9217
-9217
-9208
-9208
-9201
-9201
-9193
-9193
-9186
-9186
-9179
-9179
-9171
-9171
-9162
-9162
-9155
-9155
-9147
-9147
-9139
-9139
-9133
-9133
-9124
-9124
-9117
-9117
-9109
-9109
-9100
-9100
-9095
-9095
-9087
-9087
-9080
-9080
-9072
-9072
-9065
-9065
-9057
-9057
-9048
-9048
-9043
-9043
-9033
-9033
-9026
-9026
-9019
-9019
-9011
-9011
-9004
-9004
-8996
-8996
-8988
-8988
-8981
-8981
-8973
-8973
-8966
-8966
-8958
-8958
-8952
-8952
-8944
-8944
-8936
-8936
-8929
-8929
-8921
-8921
-8914
-8914
-8907
-8907
-8899
-8899
-8891
-8891
-8885
-8885
-8877
-8877
-8869
-8869
-8862
-8862
-8855
-8855
-8846
-8846
-8840
-8840
-8833
-8833
-8825
-8825
-8819
-8819
-8810
-8810
-8803
-8803
-8796
-8796
-8789
-8789
-8782
-8782
-8773
-8773
-8768
-8768
-8760
-8760
-8752
-8752
-8745
-8745
-8738
-8738
-8731
-8731
-8723
-8723
-8716
-8716
-8709
-8709
-8701
-8701
-8694
-8694
-8686
-8686
-8680
-8680
-8673
-8673
-8665
-8665
-8659
-8659
-8650
-8650
-8644
-8644
-8636
-8636
-8629
-8629
-8623
-8623
-8615
-8615
-8608
-8608
-8601
-8601
-8594
-8594
-8588
-8588
-8579
-8579
-8573
-8573
-8565
-8565
-8558
-8558
-8551
-8551
-8544
-8544
-8537
-8537
-8529
-8529
-8522
-8522
-8515
-8515
-8508
-8508
-8500
-8500
-8493
-8493
-8487
-8487
-8481
-8481
-8473
-8473
-8467
-8467
-8460
-8460
-8451
-8451
-8445
-8445
-8438
-8438
-8430
-8430
-8423
-8423
-8416
-8416
-8411
-8411
-8402
-8402
-8397
-8397
-8390
-8390
-8382
-8382
-8376
-8376
-8368
-8368
-8362
-8362
-8353
-8353
-8349
-8349
-8341
-8341
-8334
-8334
-8327
-8327
-8319
-8319
-8313
-8313
-8307
-8307
-8299
-8299
-8292
-8292
-8285
-8285
-8279
-8279
-8272
-8272
-8265
-8265
-8257
-8257
-8251
-8251
-8244
-8244
-8238
-8238
-8232
-8232
-8225
-8225
-8217
-8217
-8210
-8210
-8205
-8205
-8196
-8196
-8191
-8191
-8185
-8185
-8176
-8176
-8169
-8169
-8163
-8163
-8156
-8156
-8150
-8150
-8142
-8142
-8136
-8136
-8129
-8129
-8121
-8121
-8114
-8114
-8109
-8109
-8101
-8101
-8095
-8095
-8089
-8089
-8082
-8082
-8075
-8075
-8069
-8069
-8062
-8062
-8055
-8055
-8049
-8049
-8041
-8041
-8035
-8035
-8028
-8028
-8021
-8021
-8015
-8015
-8008
-8008
-8002
-8002
-7996
-7996
-7989
-7989
-7982
-7982
-7975
-7975
-7969
-7969
-7962
-7962
-7955
-7955
-7949
-7949
-7941
-7941
-7935
-7935
-7929
-7929
-7922
-7922
-7916
-7916
-7908
-7908
-7901
-7901
-7897
-7897
-7889
-7889
-7883
-7883
-7877
-7877
-7871
-7871
-7863
-7863
-7857
-7857
-7851
-7851
0
0
0
0
0
0
0
0
0
0
0
0
0
0
0
0
0
0
0
0
0
0
0
0
0
0
0
0
0
0
0
0
0
0
0
0
0
0
0
0
0
0
0
0
0
0
0
0
0
0
0
0
0
0
0
0
0
0
0
0
0
0
0
0
0
0
0
0
0
0
0
0
0
0
0
0
0
0
0
0
0
0
0
0
0
0
0
0
0
0
0
0
0
0
0
0
0
0
0
0
0
0
0
0
0
0
0
0
0
0
0
0
0
0
0
0
0
0
0
0
0
0
0
0
0
0
0
0
0
0
0
0
0
0
0
0
0
0
0
0
0
0
0
0
0
0
0
0
0
0
0
0
0
0
0
0
0
0
0
0
0
0
0
0
0
0
0
0
0
0
0
0
0
0
0
0
0
0
0
0
0
0
0
0
0
0
0
0
0
0
0
0
0
0
0
0
0
0
0
0
0
0
0
0
0
0
0
0
0
0
0
0
0
0
0
0
0
0
0
0
0
0
0
0
0
0
0
0
0
0
0
0
0
0
0
0
0
0
0
0
0
0
0
0
0
0
0
0
0
0
0
0
0
0
0
0
0
0
0
0
0
0
0
0
0
0
0
0
0
0
0
0
0
0
0
0
0
0
0
0
0
0
0
0
0
0
0
0
0
0
0
0
0
0
0
0
0
0
0
0
0
0
0
0
0
0
0
0
0
0
0
0
0
0
0
0
0
0
0
0
0
0
0
0
0
0
0
0
0
0
0
0
0
0
0
0
0
0
0
0
0
0
0
0
0
0
0
0
0
0
0
0
0
0
0
0
0
0
0
0
0
0
0
0
0
0
0
0
0
0
0
0
0
0
0
0
0
0
0
0
0
0
0
0
0
0
0
0
0
0
0
0
0
0
0
0
0
0
0
0
0
0
0
0
0
0
0
0
0
0
0
0
0
0
0
0
0
0
0
0
0
0
0
0
0
0
0
0
0
0
0
0
0
0
0
0
0
0
0
0
0
0
0
0
0
0
0
0
0
0
0
0
0
0
0
0
0
0
0
0
0
0
0
0
0
0
0
0
0
0
0
0
0
0
0
0
0
0
0
0
0
0
0
0
0
0
0
0
0
0
0
0
0
0
0
0
0
0
0
0
0
0
0
0
0
0
0
0
0
0
0
0
0
0
0
0
0
0
0
0
0
0
0
0
0
0
0
0
0
0
0
0
0
0
0
0
0
0
0
0
0
0
0
0
0
0
0
0
0
0
0
0
0
0
0
0
0
0
0
0
0
0
0
0
0
0
0
0
0
0
0
0
0
0
0
0
0
0
0
0
0
0
0
0
0
0
0
0
0
0
0
0
0
0
0
0
0
0
0
0
0
0
0
0
0
0
0
0
0
0
0
0
0
0
0
0
0
0
0
0
0
0
0
0
0
0
0
0
0
0
0
0
0
0
0
0
0
0
0
0
0
0
0
0
0
0
0
0
0
0
0
0
0
0
0
0
0
0
0
0
0
0
0
0
0
0
0
0
0
0
0
0
0
0
0
0
0
0
0
0
0
0
0
0
0
0
0
0
0
0
0
0
0
0
0
0
0
0
0
0
0
0
0
0
0
0
0
0
0
0
0
0
0
0
0
0
0
0
0
0
0
0
0
0
0
0
0
0
0
0
0
0
0
0
0
0
0
0
0
0
0
0
0
0
0
0
0
0
0
0
0
0
0
0
0
0
0
0
0
0
0
0
0
0
0
0
0
0
0
0
0
0
0
0
0
0
0
0
0
0
0
0
0
0
0
0
0
0
0
0
0
0
0
0
0
0
0
0
0
0
0
0
0
0
0
0
0
0
0
0
0
0
0
0
0
0
0
0
0
0
0
0
0
0
0
0
0
0
0
0
0
0
0
0
0
0
0
0
0
0
0
0
0
0
0
0
0
0
0
0
0
0
0
0
0
0
0
0
0
0
0
0
0
0
0
0
0
0
0
0
0
0
0
0
0
0
0
0
0
0
0
0
0
0
0
0
0
0
0
0
0
0
0
0
0
0
0
0
0
0
0
0
0
0
0
0
0
0
0
0
0
0
0
0
0
0
0
0
0
0
0
0
0
0
0
0
0
0
0
0
0
0
0
0
0
0
0
0
0
0
0
0
0
0
0
0
0
0
0
0
0
0
0
0
0
0
0
0
0
0
0
0
0
0
0
0
0
0
0
0
0
0
0
0
0
0
0
0
0
0
0
0
0
0
0
0
0
0
0
0
0
0
0
0
0
0
0
0
0
0
0
0
0
0
0
0
0
0
0
0
0
0
0
0
0
0
0
0
0
0
0
0
0
0
0
0
0
0
0
0
0
0
0
0
0
0
0
0
0
0
0
0
0
0
0
0
0
0
0
0
0
0
0
0
0
0
0
0
0
0
0
0
0
0
0
0
0
0
0
0
0
0
0
0
0
0
0
0
0
0
0
0
0
0
0
0
0
0
0
0
0
0
0
0
0
0
0
0
0
0
0
0
0
0
0
0
0
0
0
0
0
0
0
0
0
0
0
0
0
0
0
0
0
0
0
0
0
0
0
0
0
0
0
0
0
0
0
0
0
0
0
0
0
0
0
0
0
0
0
0
0
0
0
0
0
0
0
0
0
0
0
0
0
0
0
0
0
0
0
0
0
0
0
0
0
0
0
0
0
0
0
0
0
0
0
0
0
0
0
0
0
0
0
0
0
0
0
0
0
0
0
0
0
0
0
0
0
0
0
0
0
0
0
0
0
0
0
0
0
0
0
0
0
0
0
0
0
0
0
0
0
0
0
0
0
0
0
0
0
0
0
0
0
0
0
0
0
0
0
0
0
0
0
0
0
0
0
0
0
0
0
0
0
0
0
0
0
0
0
0
0
0
0
0
0
0
0
0
0
0
0
0
0
0
0
0
0
0
0
0
0
0
0
0
0
0
0
0
0
0
0
0
0
0
0
0
0
0
0
0
0
0
0
0
0
0
0
0
0
0
0
0
0
0
0
0
0
0
0
0
0
0
0
0
0
0
0
0
0
0
0
0
0
0
0
0
0
0
0
0
0
0
0
0
0
0
0
0
0
0
0
0
0
0
0
0
0
0
0
0
0
0
0
0
0
0
0
0
0
0
0
0
0
0
0
0
0
0
0
0
0
0
0
0
0
0
0
0
0
0
0
0
0
0
0
0
0
0
0
0
0
0
0
0
0
0
0
0
0
0
0
0
0
0
0
0
0
0
0
0
0
0
0
0
0
0
0
0
0
0
0
0
0
0
0
0
0
0
0
0
0
0
0
0
0
0
0
0
0
0
0
0
0
0
0
0
0
0
0
0
0
0
0
0
0
0
0
0
0
0
0
0
0
0
0
0
0
0
0
0
0
0
0
0
0
0
0
0
0
0
0
0
0
0
0
0
0
0
0
0
0
0
0
0
0
0
0
0
0
0
0
0
0
0
0
0
0
0
0
0
0
0
0
0
0
0
0
0
0
0
0
0
0
0
0
0
0
0
0
0
0
0
0
0
0
0
0
0
0
0
0
0
0
0
0
0
0
0
0
0
0
0
0
0
0
0
0
0
0
0
0
0
0
0
0
0
0
0
0
0
0
0
0
0
0
0
0
0
0
0
0
0
0
0
0
0
0
0
0
0
0
0
0
0
0
0
0
0
0
0
0
0
0
0
0
0
0
0
0
0
0
0
0
0
0
0
0
0
0
0
0
0
0
0
0
0
0
0
0
0
0
0
0
0
0
0
0
0
0
0
0
0
0
0
0
0
0
0
0
0
0
0
0
0
0
0
0
0
0
0
0
0
0
0
0
0
0
0
0
0
0
0
0
0
0
0
0
0
0
0
0
0
0
0
0
0
0
0
0
0
0
0
0
0
0
0
0
0
0
0
0
0
0
0
0
0
0
0
0
0
0
0
0
0
0
0
0
0
0
0
0
0
0
0
0
0
0
0
0
0
0
0
0
0
0
0
0
0
0
0
0
0
0
0
0
0
0
0
0
0
0
0
0
0
0
0
0
0
0
0
0
0
0
0
0
0
0
0
0
0
0
0
0
0
0
0
0
0
0
0
0
0
0
0
0
0
0
0
0
0
0
0
0
0
0
0
0
0
0
0
0
0
0
0
0
0
0
0
0
0
0
0
0
0
0
0
0
0
0
0
0
0
0
0
0
0
0
0
0
0
0
0
0
0
0
0
0
0
0
0
0
0
0
0
0
0
0
0
0
0
0
0
0
0
0
0
0
0
0
0
0
0
0
0
0
0
0
0
0
0
0
0
0
0
0
0
0
0
0
0
0
0
0
0
0
0
0
0
0
0
0
0
0
0
0
0
0
0
0
0
0
0
0
0
0
0
0
0
0
0
0
0
0
0
0
0
0
0
0
0
0
0
0
0
0
0
0
0
0
0
0
0
0
0
0
0
0
0
0
0
0
0
0
0
0
0
0
0
0
0
0
0
0
0
0
0
0
0
0
0
0
0
0
0
0
0
0
0
0
0
0
0
0
0
0
0
0
0
0
0
0
0
0
0
0
0
0
0
0
0
0
0
0
0
0
0
0
0
0
0
0
0
0
0
0
0
0
0
0
0
0
0
0
0
0
0
0
0
0
0
0
0
0
0
0
0
0
0
224
224
223
223
224
224
224
224
224
224
224
224
224
224
223
223
223
223
224
224
223
223
225
225
225
225
224
224
224
224
224
224
223
223
222
222
222
222
222
222
224
224
222
222
224
224
224
224
225
225
225
225
223
223
225
225
224
224
224
224
224
224
224
224
225
225
224
224
224
224
223
223
224
224
223
223
224
224
225
225
225
225
224
224
225
225
224
224
224
224
223
223
224
224
225
225
224
224
225
225
223
223
223
223
224
224
223
223
225
225
223
223
225
225
224
224
224
224
224
224
223
223
224
224
224
224
224
224
224
224
223
223
224
224
224
224
224
224
223
223
223
223
224
224
224
224
224
224
224
224
223
223
224
224
224
224
223
223
224
224
224
224
224
224
224
224
222
222
223
223
224
224
223
223
223
223
223
223
222
222
224
224
224
224
223
223
222
222
223
223
225
225
225
225
223
223
223
223
224
224
225
225
224
224
224
224
224
224
224
224
224
224
224
224
224
224
225
225
223
223
224
224
223
223
223
223
223
223
224
224
224
224
224
224
223
223
223
223
223
223
223
223
224
224
224
224
224
224
223
223
223
223
225
225
223
223
224
224
223
223
223
223
223
223
224
224
224
224
223
223
223
223
224
224
222
222
224
224
223
223
223
223
223
223
223
223
224
224
222
222
223
223
223
223
223
223
223
223
223
223
224
224
224
224
223
223
224
224
224
224
224
224
224
224
223
223
224
224
223
223
222
222
223
223
223
223
222
222
224
224
222
222
224
224
223
223
224
224
222
222
224
224
223
223
222
222
223
223
223
223
223
223
223
223
224
224
224
224
224
224
224
224
224
224
223
223
223
223
223
223
223
223
223
223
223
223
223
223
224
224
223
223
224
224
224
224
224
224
223
223
223
223
223
223
223
223
223
223
224
224
224
224
224
224
224
224
224
224
224
224
224
224
224
224
224
224
224
224
224
224
223
223
223
223
222
222
224
224
224
224
223
223
222
222
223
223
223
223
223
223
224
224
223
223
223
223
223
223
222
222
222
222
223
223
222
222
222
222
223
223
223
223
223
223
222
222
223
223
224
224
223
223
223
223
223
223
223
223
223
223
223
223
224
224
222
222
223
223
223
223
222
222
223
223
222
222
222
222
224
224
222
222
223
223
223
223
223
223
223
223
223
223
223
223
223
223
222
222
222
222
223
223
224
224
223
223
223
223
224
224
223
223
222
222
223
223
222
222
222
222
223
223
223
223
223
223
223
223
225
225
223
223
224
224
223
223
223
223
224
224
224
224
223
223
223
223
222
222
223
223
223
223
224
224
222
222
223
223
223
223
224
224
223
223
223
223
224
224
223
223
224
224
223
223
222
222
223
223
224
224
221
221
224
224
223
223
223
223
224
224
224
224
223
223
223
223
222
222
223
223
223
223
224
224
222
222
222
222
224
224
222
222
223
223
224
224
223
223
222
222
222
222
224
224
223
223
222
222
223
223
223
223
224
224
223
223
222
222
223
223
223
223
223
223
222
222
222
222
222
222
223
223
222
222
224
224
222
222
223
223
223
223
221
221
223
223
222
222
223
223
222
222
223
223
222
222
224
224
223
223
223
223
222
222
223
223
222
222
223
223
222
222
224
224
222
222
222
222
224
224
223
223
224
224
224
224
224
224
222
222
224
224
223
223
224
224
222
222
222
222
223
223
222
222
223
223
224
224
223
223
223
223
223
223
224
224
223
223
223
223
224
224
223
223
223
223
223
223
223
223
223
223
223
223
223
223
223
223
223
223
224
224
223
223
222
222
223
223
223
223
223
223
223
223
224
224
224
224
222
222
223
223
223
223
223
223
223
223
222
222
223
223
223
223
222
222
222
222
222
222
223
223
223
223
223
223
224
224
223
223
223
223
223
223
223
223
223
223
223
223
223
223
223
223
222
222
222
222
224
224
223
223
222
222
223
223
223
223
222
222
222
222
223
223
223
223
223
223
224
224
222
222
223
223
223
223
222
222
223
223
223
223
222
222
223
223
224
224
223
223
222
222
223
223
223
223
222
222
222
222
223
223
224
224
223
223
224
224
223
223
223
223
223
223
223
223
224
224
223
223
223
223
223
223
223
223
223
223
223
223
223
223
222
222
224
224
222
222
223
223
223
223
223
223
223
223
223
223
223
223
223
223
224
224
223
223
225
225
224
224
223
223
223
223
223
223
224
224
224
224
224
224
224
224
223
223
223
223
224
224
224
224
223
223
223
223
223
223
224
224
224
224
224
224
224
224
224
224
224
224
223
223
223
223
223
223
223
223
223
223
223
223
223
223
223
223
223
223
223
223
223
223
223
223
0
0
0
0
0
0
0
0
0
0
0
0
0
0
0
0
0
0
0
0
0
0
0
0
0
0
0
0
0
0
0
0
0
0
0
0
0
0
0
0
0
0
0
0
0
0
0
0
0
0
0
0
0
0
0
0
0
0
0
0
0
0
0
0
0
0
0
0
0
0
0
0
0
0
0
0
0
0
0
0
0
0
0
0
0
0
0
0
0
0
0
0
0
0
0
0
0
0
0
0
0
0
0
0
0
0
0
0
0
0
0
0
0
0
0
0
0
0
0
0
0
0
0
0
0
0
0
0
0
0
0
0
0
0
0
0
0
0
0
0
0
0
0
0
0
0
0
0
0
0
0
0
0
0
-2
-2
-182
-182
-2095
-2095
-7763
-7763
-12229
-12229
-11028
-11028
-10814
-10814
-11309
-11309
-10833
-10833
-11190
-11190
-10912
-10912
-11103
-11103
-10949
-10949
-11052
-11052
-10960
-10960
-11019
-11019
-10959
-10959
-10994
-10994
-10954
-10954
-10973
-10973
-10947
-10947
-10956
-10956
-10937
-10937
-10941
-10941
-10927
-10927
-10926
-10926
-10914
-10914
-10912
-10912
-10905
-10905
-10898
-10898
-10892
-10892
-10885
-10885
-10879
-10879
-10871
-10871
-10866
-10866
-10857
-10857
-10852
-10852
-10845
-10845
-10840
-10840
-10831
-10831
-10826
-10826
-10817
-10817
-10811
-10811
-10802
-10802
-10795
-10795
-10786
-10786
-10780
-10780
-10771
-10771
-10765
-10765
-10755
-10755
-10748
-10748
-10737
-10737
-10731
-10731
-10720
-10720
-10712
-10712
-10702
-10702
-10693
-10693
-10683
-10683
-10673
-10673
-10663
-10663
-10653
-10653
-10643
-10643
-10633
-10633
-10621
-10621
-10611
-10611
-10601
-10601
-10591
-10591
-10578
-10578
-10568
-10568
-10557
-10557
-10546
-10546
-10534
-10534
-10522
-10522
-10511
-10511
-10499
-10499
-10488
-10488
-10477
-10477
-10464
-10464
-10452
-10452
-10442
-10442
-10429
-10429
-10418
-10418
-10406
-10406
-10394
-10394
-10383
-10383
-10371
-10371
-10359
-10359
-10347
-10347
-10335
-10335
-10324
-10324
-10313
-10313
-10301
-10301
-10291
-10291
-10279
-10279
-10267
-10267
-10258
-10258
-10247
-10247
-10236
-10236
-10226
-10226
-10214
-10214
-10205
-10205
-10195
-10195
-10187
-10187
-10176
-10176
-10166
-10166
-10157
-10157
-10149
-10149
-10140
-10140
-10130
-10130
-10122
-10122
-10113
-10113
-10105
-10105
-10097
-10097
-10090
-10090
-10083
-10083
-10075
-10075
-10067
-10067
-10061
-10061
-10055
-10055
-10047
-10047
-10040
-10040
-10034
-10034
-10027
-10027
-10020
-10020
-10014
-10014
-10009
-10009
-10002
-10002
-9997
-9997
-9991
-9991
-9986
-9986
-9982
-9982
-9974
-9974
-9969
-9969
-9965
-9965
-9959
-9959
-9953
-9953
-9946
-9946
-9942
-9942
-9937
-9937
-9931
-9931
-9925
-9925
-9919
-9919
-9915
-9915
-9909
-9909
-9904
-9904
-9898
-9898
-9893
-9893
-9887
-9887
-9882
-9882
-9874
-9874
-9868
-9868
-9862
-9862
-9854
-9854
-9849
-9849
-9842
-9842
-9835
-9835
-9829
-9829
-9821
-9821
-9814
-9814
-9807
-9807
-9798
-9798
-9790
-9790
-9783
-9783
-9774
-9774
-9766
-9766
-9757
-9757
-9749
-9749
-9740
-9740
-9730
-9730
-9722
-9722
-9714
-9714
-9704
-9704
-9694
-9694
-9685
-9685
-9674
-9674
-9664
-9664
-9654
-9654
-9644
-9644
-9633
-9633
-9623
-9623
-9613
-9613
-9601
-9601
-9591
-9591
-9579
-9579
-9569
-9569
-9559
-9559
-9547
-9547
-9536
-9536
-9526
-9526
-9516
-9516
-9504
-9504
-9492
-9492
-9482
-9482
-9472
-9472
-9460
-9460
-9449
-9449
-9438
-9438
-9428
-9428
-9418
-9418
-9406
-9406
-9396
-9396
-9387
-9387
-9375
-9375
-9366
-9366
-9356
-9356
-9347
-9347
-9336
-9336
-9326
-9326
-9316
-9316
-9309
-9309
-9299
-9299
-9289
-9289
-9281
-9281
-9272
-9272
-9264
-9264
-9255
-9255
-9247
-9247
-9240
-9240
-9233
-9233
-9225
-9225
-9218
-9218
-9211
-9211
-9203
-9203
-9196
-9196
-9190
-9190
-9184
-9184
-9178
-9178
-9171
-9171
-9165
-9165
-9160
-9160
-9154
-9154
-9147
-9147
-9143
-9143
-9137
-9137
-9132
-9132
-9127
-9127
-9123
-9123
-9118
-9118
-9113
-9113
-9107
-9107
-9103
-9103
-9098
-9098
-9093
-9093
-9089
-9089
-9083
-9083
-9079
-9079
-9075
-9075
-9071
-9071
-9066
-9066
-9060
-9060
-9055
-9055
-9051
-9051
-9046
-9046
-9043
-9043
-9037
-9037
-9032
-9032
-9027
-9027
-9021
-9021
-9016
-9016
-9012
-9012
-9006
-9006
-8999
-8999
-8994
-8994
-8989
-8989
-8983
-8983
-8975
-8975
-8970
-8970
-8963
-8963
-8956
-8956
-8948
-8948
-8942
-8942
-8936
-8936
-8928
-8928
-8920
-8920
-8912
-8912
-8904
-8904
-8896
-8896
-8888
-8888
-8880
-8880
-8872
-8872
-8862
-8862
-8854
-8854
-8845
-8845
-8836
-8836
-8826
-8826
-8817
-8817
-8808
-8808
-8798
-8798
-8789
-8789
-8777
-8777
-8768
-8768
-8759
-8759
-8749
-8749
-8739
-8739
-8728
-8728
-8720
-8720
-8708
-8708
-8698
-8698
-8689
-8689
-8679
-8679
-8668
-8668
-8658
-8658
-8647
-8647
-8637
-8637
-8626
-8626
-8618
-8618
-8607
-8607
-8598
-8598
-8586
-8586
-8578
-8578
-8568
-8568
-8559
-8559
-8549
-8549
-8539
-8539
-8530
-8530
-8522
-8522
-8512
-8512
-8504
-8504
-8495
-8495
-8487
-8487
-8478
-8478
-8471
-8471
-8464
-8464
-8456
-8456
-8447
-8447
-8440
-8440
-8433
-8433
-8425
-8425
-8419
-8419
-8412
-8412
-8406
-8406
-8400
-8400
-8394
-8394
-8389
-8389
-8382
-8382
-8377
-8377
-8371
-8371
-8365
-8365
-8360
-8360
-8355
-8355
-8350
-8350
-8345
-8345
-8341
-8341
-8338
-8338
-8332
-8332
-8328
-8328
-8324
-8324
-8318
-8318
-8315
-8315
-8312
-8312
-8308
-8308
-8303
-8303
-8298
-8298
-8296
-8296
-8291
-8291
-8288
-8288
-8284
-8284
-8279
-8279
-8275
-8275
-8272
-8272
-8268
-8268
-8263
-8263
-8259
-8259
-8256
-8256
-8252
-8252
-8247
-8247
-8242
-8242
-8238
-8238
-8232
-8232
-8228
-8228
-8224
-8224
-8218
-8218
-8214
-8214
-8208
-8208
-8202
-8202
-8196
-8196
-8190
-8190
-8185
-8185
-8177
-8177
-8172
-8172
-8166
-8166
-8158
-8158
-8152
-8152
-8144
-8144
-8138
-8138
-8131
-8131
-8123
-8123
-8116
-8116
-8107
-8107
-8099
-8099
-8091
-8091
-8083
-8083
-8074
-8074
-8066
-8066
-8056
-8056
-8047
-8047
-8039
-8039
-8030
-8030
-8021
-8021
-8012
-8012
-8003
-8003
-7993
-7993
-7983
-7983
-7973
-7973
-7964
-7964
-7955
-7955
-7946
-7946
-7935
-7935
-7927
-7927
-7918
-7918
-7907
-7907
-7898
-7898
-7888
-7888
-7879
-7879
-7871
-7871
-7860
-7860
-7851
-7851
-7841
-7841
-7832
-7832
-7823
-7823
-7814
-7814
-7806
-7806
-7797
-7797
-7789
-7789
-7781
-7781
-7772
-7772
-7765
-7765
-7756
-7756
-7749
-7749
-7741
-7741
-7735
-7735
-7727
-7727
-7719
-7719
-7713
-7713
-7706
-7706
205
205
204
204
201
201
198
198
195
195
193
193
191
191
188
188
185
185
184
184
181
181
180
180
178
178
177
177
175
175
174
174
171
171
170
170
170
170
172
172
171
171
169
169
171
171
170
170
172
172
173
173
173
173
175
175
176
176
177
177
178
178
180
180
181
181
184
184
184
184
185
185
188
188
191
191
194
194
196
196
199
199
201
201
204
204
208
208
211
211
214
214
216
216
220
220
221
221
225
225
229
229
230
230
233
233
237
237
240
240
243
243
247
247
247
247
251
251
253
253
256
256
258
258
260
260
262
262
264
264
266
266
267
267
269
269
270
270
272
272
273
273
274
274
274
274
275
275
275
275
275
275
276
276
277
277
276
276
275
275
274
274
273
273
273
273
272
272
270
270
267
267
267
267
264
264
265
265
262
262
260
260
257
257
254
254
252
252
249
249
247
247
244
244
241
241
238
238
235
235
231
231
230
230
227
227
224
224
220
220
218
218
215
215
213
213
207
207
206
206
204
204
200
200
198
198
195
195
193
193
190
190
188
188
186
186
185
185
183
183
181
181
179
179
177
177
176
176
175
175
174
174
173
173
173
173
172
172
172
172
172
172
171
171
172
172
171
171
172
172
174
174
175
175
176
176
177
177
177
177
179
179
181
181
183
183
184
184
186
186
189
189
191
191
194
194
197
197
199
199
202
202
204
204
206
206
210
210
213
213
216
216
219
219
222
222
226
226
227
227
230
230
233
233
237
237
240
240
242
242
244
244
248
248
250
250
252
252
255
255
259
259
260
260
260
260
264
264
265
265
268
268
268
268
270
270
273
273
273
273
274
274
274
274
275
275
275
275
276
276
277
277
275
275
276
276
275
275
273
273
274
274
273
273
272
272
270
270
270
270
268
268
265
265
264
264
261
261
260
260
257
257
255
255
254
254
251
251
249
249
245
245
241
241
239
239
236
236
233
233
230
230
227
227
224
224
222
222
219
219
215
215
211
211
210
210
207
207
204
204
201
201
198
198
196
196
193
193
191
191
188
188
187
187
185
185
182
182
180
180
178
178
178
178
175
175
175
175
174
174
173
173
172
172
172
172
172
172
171
171
171
171
171
171
172
172
171
171
172
172
174
174
175
175
176
176
178
178
179
179
180
180
181
181
183
183
186
186
188
188
190
190
193
193
195
195
197
197
201
201
204
204
207
207
209
209
212
212
215
215
218
218
221
221
224
224
227
227
229
229
232
232
236
236
238
238
240
240
245
245
247
247
249
249
253
253
255
255
257
257
259
259
262
262
264
264
266
266
266
266
268
268
269
269
271
271
273
273
273
273
273
273
274
274
275
275
276
276
276
276
275
275
274
274
275
275
275
275
273
273
272
272
271
271
269
269
268
268
268
268
265
265
264
264
261
261
259
259
257
257
254
254
252
252
249
249
247
247
244
244
242
242
238
238
237
237
233
233
229
229
227
227
225
225
223
223
219
219
213
213
212
212
209
209
206
206
203
203
200
200
199
199
194
194
193
193
191
191
188
188
186
186
185
185
181
181
182
182
179
179
177
177
176
176
175
175
174
174
172
172
172
172
171
171
171
171
171
171
171
171
170
170
171
171
172
172
172
172
173
173
174
174
175
175
176
176
178
178
179
179
181
181
183
183
186
186
187
187
191
191
193
193
195
195
197
197
200
200
203
203
204
204
208
208
212
212
214
214
217
217
220
220
224
224
226
226
228
228
232
232
235
235
238
238
240
240
244
244
246
246
249
249
251
251
254
254
257
257
258
258
262
262
263
263
264
264
267
267
268
268
269
269
270
270
271
271
272
272
274
274
274
274
274
274
274
274
274
274
275
275
274
274
276
276
273
273
271
271
272
272
272
272
268
268
268
268
268
268
264
264
263
263
262
262
260
260
256
256
255
255
252
252
250
250
248
248
246
246
242
242
239
239
236
236
233
233
231
231
228
228
224
224
220
220
218
218
215
215
212
212
210
210
206
206
205
205
202
202
198
198
194
194
193
193
191
191
188
188
185
185
184
184
182
182
180
180
179
179
178
178
176
176
173
173
172
172
172
172
172
172
172
172
170
170
171
171
170
170
171
171
170
170
172
172
172
172
173
173
173
173
175
175
176
176
176
176
179
179
181
181
183
183
186
186
187
187
191
191
193
193
193
193
197
197
199
199
203
203
204
204
207
207
211
211
213
213
217
217
220
220
222
222
225
225
229
229
232
232
234
234
238
238
240
240
244
244
246
246
248
248
252
252
254
254
255
255
258
258
261
261
262
262
264
264
266
266
268
268
269
269
270
270
272
272
271
271
273
273
276
276
274
274
275
275
276
276
276
276
275
275
274
274
274
274
272
272
270
270
269
269
268
268
265
265
264
264
261
261
259
259
256
256
254
254
252
252
249
249
247
247
242
242
240
240
237
237
234
234
233
233
229
229
225
225
222
222
219
219
217
217
214
214
211
211
208
208
204
204
203
203
199
199
196
196
195
195
191
191
189
189
187
187
186
186
184
184
182
182
180
180
179
179
177
177
176
176
174
174
173
173
172
172
173
173
173
173
172
172
172
172
172
172
173
173
174
174
174
174
175
175
177
177
178
178
179
179
180
180
182
182
184
184
186
186
188
188
191
191
192
192
195
195
197
197
200
200
203
203
205
205
207
207
211
211
214
214
216
216
220
220
223
223
225
225
229
229
232
232
235
235
237
237
240
240
243
243
247
247
250
250
252
252
255
255
257
257
259
259
262
262
264
264
266
266
263
263
268
268
272
272
272
272
274
274
274
274
275
275
276
276
277
277
277
277
277
277
277
277
278
278
277
277
276
276
276
276
275
275
274
274
272
272
272
272
271
271
269
269
267
267
266
266
264
264
262
262
259
259
257
257
254
254
251
251
249
249
247
247
243
243
241
241
238
238
235
235
232
232
231
231
226
226
224
224
221
221
217
217
213
213
211
211
209
209
206
206
203
203
201
201
198
198
195
195
192
192
190
190
188
188
186
186
184
184
183
183
180
180
178
178
177
177
176
176
176
176
174
174
174
174
173
173
173
173
173
173
173
173
172
172
173
173
174
174
174
174
175
175
177
177
177
177
178
178
180
180
182
182
183
183
186
186
188
188
191
191
192
192
194
194
197
197
200
200
202
202
206
206
207
207
210
210
212
212
217
217
220
220
223
223
226
226
228
228
232
232
234
234
239
239
240
240
244
244
246
246
248
248
251
251
254
254
257
257
258
258
262
262
263
263
265
265
267
267
269
269
269
269
272
272
273
273
274
274
275
275
276
276
277
277
276
276
277
277
278
278
277
277
278
278
276
276
275
275
276
276
274
274
272
272
272
272
271
271
269
269
267
267
265
265
264
264
262
262
260
260
257
257
256
256
251
251
249
249
245
245
243
243
240
240
238
238
234
234
231
231
229
229
225
225
223
223
221
221
218
218
214
214
211
211
209
209
206
206
203
203
200
200
197
197
194
194
193
193
190
190
188
188
186
186
183
183
183
183
181
181
179
179
178
178
177
177
175
175
174
174
174
174
173
173
174
174
173
173
173
173
172
172
173
173
174
174
174
174
176
176
177
177
177
177
178
178
180
180
182
182
184
184
187
187
187
187
190
190
193
193
194
194
198
198
199
199
201
201
205
205
207
207
209
209
212
212
216
216
219
219
222
222
225
225
227
227
230
230
235
235
238
238
241
241
244
244
245
245
248
248
250
250
254
254
256
256
259
259
261
261
263
263
264
264
267
267
268
268
270
270
271
271
272
272
274
274
275
275
276
276
276
276
277
277
276
276
276
276
277
277
276
276
276
276
276
276
275
275
273
273
274
274
273
273
270
270
269
269
267
267
264
264
264
264
261
261
260
260
257
257
255
255
252
252
249
249
247
247
243
243
241
241
238
238
235
235
233
233
230
230
228
228
225
225
221
221
217
217
215
215
210
210
209
209
206
206
202
202
201
201
198
198
195
195
193
193
191
191
188
188
185
185
182
182
181
181
180
180
180
180
178
178
177
177
175
175
175
175
174
174
174
174
174
174
174
174
173
173
173
173
172
172
174
174
174
174
175
175
177
177
178
178
178
178
180
180
181
181
183
183
186
186
187
187
189
189
193
193
194
194
196
196
199
199
201
201
204
204
207
207
208
208
213
213
215
215
218
218
222
222
224
224
227
227
230
230
234
234
237
237
239
239
242
242
244
244
246
246
251
251
253
253
256
256
258
258
259
259
262
262
264
264
266
266
267
267
269
269
270
270
271
271
273
273
275
275
275
275
276
276
276
276
278
278
278
278
276
276
277
277
276
276
276
276
275
275
274
274
273
273
272
272
271
271
269
269
268
268
266
266
264
264
262
262
259
259
257
257
254
254
253
253
249
249
247
247
245
245
242
242
238
238
236
236
232
232
230
230
226
226
223
223
221
221
219
219
215
215
211
211
210
210
204
204
203
203
201
201
198
198
197
197
193
193
192
192
188
188
185
185
183
183
183
183
181
181
179
179
178
178
177
177
175
175
174
174
173
173
173
173
172
172
172
172
172
172
172
172
173
173
174
174
174
174
175
175
176
176
176
176
178
178
178
178
181
181
182
182
185
185
187
187
188
188
190
190
194
194
195
195
200
200
201
201
204
204
205
205
209
209
211
211
274
274
275
275
276
276
277
277
277
277
278
278
277
277
277
277
276
276
276
276
273
273
273
273
272
272
272
272
269
269
268
268
265
265
257
257
258
258
260
260
256
256
258
258
254
254
252
252
250
250
244
244
244
244
240
240
237
237
233
233
231
231
227
227
225
225
221
221
218
218
215
215
213
213
209
209
206
206
203
203
201
201
198
198
195
195
192
192
191
191
189
189
188
188
184
184
183
183
181
181
179
179
177
177
177
177
176
176
173
173
173
173
173
173
172
172
172
172
171
171
172
172
172
172
173
173
172
172
173
173
174
174
175
175
177
177
177
177
180
180
182
182
184
184
187
187
186
186
189
189
191
191
195
195
198
198
199
199
202
202
206
206
207
207
211
211
214
214
215
215
219
219
222
222
225
225
228
228
231
231
234
234
237
237
239
239
243
243
246
246
248
248
251
251
253
253
256
256
258
258
261
261
262
262
265
265
267
267
268
268
270
270
271
271
272
272
274
274
273
273
275
275
275
275
276
276
277
277
276
276
276
276
276
276
276
276
275
275
273
273
273
273
271
271
270
270
271
271
267
267
267
267
264
264
262
262
260
260
257
257
255
255
253
253
249
249
248
248
244
244
242
242
238
238
235
235
233
233
230
230
227
227
225
225
222
222
218
218
216
216
213
213
210
210
207
207
205
205
202
202
199
199
197
197
193
193
190
190
188
188
187
187
184
184
184
184
181
181
180
180
178
178
177
177
176
176
175
175
173
173
173
173
172
172
172
172
171
171
172
172
172
172
173
173
173
173
174
174
175
175
176
176
177
177
178
178
179
179
180
180
183
183
187
187
188
188
189
189
190
190
194
194
197
197
200
200
203
203
204
204
207
207
209
209
213
213
216
216
219
219
222
222
225
225
227
227
231
231
234
234
236
236
241
241
242
242
246
246
248
248
251
251
253
253
255
255
259
259
261
261
262
262
264
264
266
266
267
267
271
271
270
270
272
272
274
274
276
276
276
276
275
275
276
276
277
277
277
277
276
276
276
276
276
276
275
275
275
275
273
273
272
272
271
271
269
269
268
268
267
267
264
264
263
263
261
261
259
259
256
256
254
254
251
251
248
248
246
246
244
244
240
240
237
237
234
234
232
232
229
229
226
226
223
223
220
220
218
218
214
214
211
211
209
209
205
205
202
202
200
200
196
196
196
196
192
192
190
190
188
188
185
185
184
184
182
182
180
180
179
179
178
178
177
177
175
175
175
175
173
173
171
171
173
173
173
173
173
173
173
173
172
172
174
174
174
174
175
175
176
176
177
177
179
179
180
180
182
182
184
184
185
185
187
187
189
189
192
192
194
194
197
197
199
199
203
203
205
205
207
207
211
211
214
214
215
215
219
219
222
222
226
226
228
228
230
230
233
233
236
236
239
239
241
241
245
245
247
247
250
250
253
253
255
255
259
259
260
260
263
263
264
264
267
267
267
267
271
271
272
272
274
274
274
274
275
275
275
275
277
277
278
278
277
277
277
277
277
277
277
277
276
276
275
275
275
275
273
273
273
273
272
272
271
271
269
269
267
267
266
266
263
263
261
261
260
260
257
257
254
254
252
252
250
250
247
247
244
244
241
241
238
238
235
235
233
233
228
228
225
225
224
224
220
220
218
218
214
214
211
211
209
209
205
205
203
203
201
201
197
197
196
196
192
192
191
191
188
188
187
187
185
185
182
182
182
182
178
178
177
177
176
176
175
175
175
175
174
174
173
173
173
173
174
174
173
173
172
172
172
172
174
174
174
174
176
176
177
177
177
177
180
180
180
180
182
182
184
184
186
186
187
187
189
189
192
192
194
194
195
195
200
200
202
202
206
206
207
207
210
210
214
214
217
217
219
219
223
223
225
225
227
227
230
230
235
235
238
238
240
240
244
244
245
245
249
249
251
251
254
254
257
257
258
258
260
260
263
263
266
266
268
268
269
269
271
271
272
272
273
273
275
275
275
275
276
276
277
277
277
277
278
278
278
278
277
277
276
276
277
277
276
276
275
275
275
275
273
273
273
273
270
270
269
269
269
269
266
266
263
263
262
262
260
260
258
258
254
254
252
252
250
250
247
247
245
245
242
242
240
240
235
235
232
232
229
229
227
227
225
225
221
221
218
218
214
214
211
211
209
209
206
206
204
204
201
201
197
197
196
196
193
193
190
190
188
188
186
186
184
184
183
183
180
180
179
179
177
177
178
178
176
176
175
175
174
174
173
173
173
173
173
173
173
173
173
173
173
173
175
175
175
175
176
176
176
176
177
177
178
178
179
179
182
182
184
184
185
185
187
187
190
190
192
192
